1994-11-23T00:00:00.000Z,47,17.726666768391926,168748,27.7,170,95.3,101,7161
1994-12-02T00:00:00.000Z,48,17.779999923706054,173223,28.3,176,95.0,98,6224
1994-12-09T00:00:00.000Z,49,16.986000061035156,172344,27.2,368,91.8,98,7030
1994-12-16T00:00:00.000Z,50,16.85999984741211,171935,27.3,248,92.9,98,7222
1994-12-23T00:00:00.000Z,51,17.10399971008301,168641,26.3,285,92.8,98,6566
1994-12-30T00:00:00.000Z,52,17.707499980926514,170102,26.2,284,93.9,99,7334
1995-01-06T00:00:00.000Z,1,17.615000247955322,172617,27.5,110,95.3,100,7136
1995-01-13T00:00:00.000Z,2,17.552000045776367,174547,28.1,274,92.7,100,6442
1995-01-20T00:00:00.000Z,3,18.447999572753908,175522,29.3,178,90.4,100,6521
1995-01-27T00:00:00.000Z,4,18.338000106811524,177741,30.5,186,88.8,101,6465
1995-02-03T00:00:00.000Z,5,18.496000289916992,178673,30.7,109,89.5,101,5795
1995-02-10T00:00:00.000Z,6,18.42400016784668,179472,31.3,291,89.3,101,7901
1995-02-17T00:00:00.000Z,7,18.552000045776367,179730,31.4,236,90.2,101,6489
1995-02-24T00:00:00.000Z,8,18.7475004196167,177843,30.5,284,89.2,101,5781
1995-03-03T00:00:00.000Z,9,18.499999618530275,180776,30.8,182,90.8,102,6104
1995-03-10T00:00:00.000Z,10,18.269999694824218,180559,30.2,445,91.0,102,8029
1995-03-17T00:00:00.000Z,11,18.132000350952147,176415,29.3,346,89.2,102,6696
1995-03-24T00:00:00.000Z,12,18.69200019836426,173898,28.9,347,89.1,102,6088
1995-03-31T00:00:00.000Z,13,19.118000030517578,169521,27.1,331,88.3,102,8135
1995-04-07T00:00:00.000Z,14,19.427999877929686,167305,26.9,249,89.1,99,6723
1995-04-13T00:00:00.000Z,15,19.52750015258789,167991,26.9,173,89.5,99,6191
1995-04-21T00:00:00.000Z,16,20.26399955749512,166416,26.4,354,93.6,99,8199
1995-04-28T00:00:00.000Z,17,20.29199981689453,166822,26.8,335,92.8,99,8139
1995-05-05T00:00:00.000Z,18,20.243999862670897,167764,27.0,264,91.3,98,5800
1995-05-12T00:00:00.000Z,19,19.739999771118164,166859,26.6,435,91.8,98,7709
1995-05-19T00:00:00.000Z,20,19.981999969482423,166985,26.3,612,93.9,98,7597
1995-05-26T00:00:00.000Z,21,19.366000366210937,170425,26.6,340,95.8,95,6871
1995-06-02T00:00:00.000Z,22,18.922499656677246,167900,25.7,313,95.9,91,7419
1995-06-09T00:00:00.000Z,23,19.052000045776367,167034,25.6,330,96.0,91,7037
1995-06-16T00:00:00.000Z,24,18.90999984741211,168086,26.1,485,95.9,91,9337
1995-06-23T00:00:00.000Z,25,17.879999923706055,167346,25.3,508,96.5,91,6503
1995-06-30T00:00:00.000Z,26,17.713999938964843,165529,25.4,313,94.8,92,7948
1995-07-07T00:00:00.000Z,27,17.274999618530273,166517,25.4,327,93.9,81,6455
1995-07-14T00:00:00.000Z,28,17.3439998626709,167607,25.6,314,94.7,81,7884
1995-07-21T00:00:00.000Z,29,17.20800018310547,166352,25.5,419,93.5,81,6733
1995-07-28T00:00:00.000Z,30,17.4060001373291,165923,25.5,477,94.1,81,7390
1995-08-04T00:00:00.000Z,31,17.72400016784668,162100,24.8,293,94.0,78,7439
1995-08-11T00:00:00.000Z,32,17.810000228881837,161626,24.9,168,93.5,78,8483
1995-08-18T00:00:00.000Z,33,17.59799995422363,158432,24.5,374,93.4,78,7781
1995-08-25T00:00:00.000Z,34,19.020000457763672,154925,24.0,200,93.3,78,7402
1995-09-01T00:00:00.000Z,35,17.88400001525879,156411,24.6,415,95.1,83,6522
1995-09-08T00:00:00.000Z,36,18.36750030517578,154557,24.2,349,95.9,81,8563
1995-09-15T00:00:00.000Z,37,18.718000411987305,152216,24.1,162,96.0,81,8227
1995-09-22T00:00:00.000Z,38,18.32400016784668,154591,24.6,331,94.2,81,7195
1995-09-29T00:00:00.000Z,39,17.549999618530272,160626,25.8,273,94.7,85,7546
1995-10-06T00:00:00.000Z,40,17.288000106811523,159069,25.6,408,92.4,88,6129
1995-10-13T00:00:00.000Z,41,17.278000259399413,157513,25.6,377,88.5,88,7416
1995-10-20T00:00:00.000Z,42,17.50800018310547,157877,25.8,304,90.0,88,7568
1995-10-27T00:00:00.000Z,43,17.56400032043457,155886,24.9,319,89.7,84,6986
1995-11-03T00:00:00.000Z,44,17.79000015258789,155634,25.1,146,89.3,92,6530
1995-11-10T00:00:00.000Z,45,17.756000137329103,150964,24.0,324,88.2,92,7695
1995-11-17T00:00:00.000Z,46,18.061999893188478,152089,24.0,480,90.5,92,8060
1995-11-22T00:00:00.000Z,47,17.986666361490887,151813,24.3,204,91.5,92,7560
1995-12-01T00:00:00.000Z,48,18.324000549316406,156079,24.8,263,94.1,91,7182
1995-12-08T00:00:00.000Z,49,18.738000106811523,154306,25.2,357,94.6,90,8066
1995-12-15T00:00:00.000Z,50,19.01599998474121,156542,25.9,225,92.7,90,6990
1995-12-22T00:00:00.000Z,51,19.11599998474121,154860,25.5,364,92.0,90,6192
1995-12-29T00:00:00.000Z,52,19.4375,160817,26.6,292,93.2,90,6963
1996-01-12T00:00:00.000Z,2,19.434000396728514,162058,26.9,462,91.3,87,7504
1996-01-19T00:00:00.000Z,3,18.636000442504884,167475,28.6,575,91.6,87,7240
1996-01-26T00:00:00.000Z,4,18.352000045776368,166922,28.4,310,90.6,87,6937
1996-02-02T00:00:00.000Z,5,17.639999771118163,169284,29.2,631,90.5,87,7002
1996-02-09T00:00:00.000Z,6,17.720000076293946,168460,29.1,459,90.7,88,6427
1996-02-16T00:00:00.000Z,7,18.802000045776367,168209,28.0,448,90.4,88,7504
1996-02-23T00:00:00.000Z,8,21.452499389648438,166350,27.4,248,89.5,88,5543
1996-03-01T00:00:00.000Z,9,19.488000106811523,168668,28.0,483,90.8,88,6235
1996-03-08T00:00:00.000Z,10,19.71599998474121,165753,27.1,364,90.5,91,6986
1996-03-15T00:00:00.000Z,11,20.8,164246,27.2,561,90.5,91,6923
1996-03-22T00:00:00.000Z,12,23.163999938964842,162730,26.7,331,90.9,91,6598
1996-03-29T00:00:00.000Z,13,22.02599983215332,160490,26.2,298,93.1,91,7396
1996-04-04T00:00:00.000Z,14,22.485000133514404,159790,26.5,365,92.5,100,7360
1996-04-12T00:00:00.000Z,15,23.952000045776366,159287,26.3,603,93.8,100,7535
1996-04-19T00:00:00.000Z,16,24.341999435424803,160328,27.1,506,93.3,100,7231
1996-04-26T00:00:00.000Z,17,23.802000045776367,160105,26.7,603,93.8,100,7852
1996-05-03T00:00:00.000Z,18,21.160000228881835,160812,26.4,270,94.3,99,7223
1996-05-10T00:00:00.000Z,19,20.98399963378906,160562,25.8,530,92.9,99,8578
1996-05-17T00:00:00.000Z,20,21.05800018310547,164093,26.1,465,92.9,99,7564
1996-05-24T00:00:00.000Z,21,22.23600044250488,163784,26.2,612,95.2,98,6865
1996-05-31T00:00:00.000Z,22,20.36750030517578,163678,26.0,255,95.6,98,8116
1996-06-07T00:00:00.000Z,23,20.042000198364256,163024,26.2,441,95.7,284,7524
1996-06-14T00:00:00.000Z,24,20.15,162379,25.8,504,95.1,98,8676
1996-06-21T00:00:00.000Z,25,20.95,165677,26.1,585,95.7,98,7587
1996-06-28T00:00:00.000Z,26,20.551999664306642,161284,25.0,464,95.3,98,8366
1996-07-05T00:00:00.000Z,27,21.397499561309814,160470,24.8,382,93.8,98,7860
1996-07-12T00:00:00.000Z,28,21.653999710083006,161143,24.7,370,94.7,98,7601
1996-07-19T00:00:00.000Z,29,21.79800033569336,160249,24.3,397,94.4,98,7870
1996-07-26T00:00:00.000Z,30,20.95599937438965,158462,24.5,295,93.6,96,7683
1996-08-02T00:00:00.000Z,31,20.66400032043457,157106,24.2,567,94.3,282,8143
1996-08-09T00:00:00.000Z,32,21.346000289916994,157908,24.6,268,95.2,96,8044
1996-08-16T00:00:00.000Z,33,22.250000381469725,158240,24.9,321,94.0,96,9060
1996-08-23T00:00:00.000Z,34,22.497999954223634,156826,24.4,544,94.6,96,7969
1996-08-30T00:00:00.000Z,35,21.820000076293944,154087,23.9,631,94.2,97,7304
1996-09-06T00:00:00.000Z,36,23.475000381469727,151723,23.7,385,95.0,211,7563
1996-09-13T00:00:00.000Z,37,24.420000076293945,153643,23.9,259,94.9,97,7801
1996-09-20T00:00:00.000Z,38,23.520000076293947,155955,24.4,582,95.6,97,7483
1996-09-27T00:00:00.000Z,39,24.32599983215332,159036,25.5,685,95.6,197,6280
1996-10-04T00:00:00.000Z,40,24.440000152587892,156719,25.3,526,95.7,97,8177
1996-10-11T00:00:00.000Z,41,24.929999923706056,155394,24.9,382,92.7,97,7654
1996-10-18T00:00:00.000Z,42,25.45,151590,24.5,390,93.0,97,8736
1996-10-25T00:00:00.000Z,43,25.154000091552735,150080,24.0,490,93.8,396,8468
1996-11-01T00:00:00.000Z,44,23.90999984741211,152342,24.6,632,94.9,96,6881
1996-11-08T00:00:00.000Z,45,22.91999969482422,151230,24.2,278,91.2,210,8481
1996-11-15T00:00:00.000Z,46,23.9,150309,23.9,481,93.1,282,6952
1996-11-22T00:00:00.000Z,47,24.029999923706054,150390,23.8,270,94.6,210,7150
1996-11-29T00:00:00.000Z,48,24.21250057220459,151567,24.5,309,94.5,96,6143
1996-12-06T00:00:00.000Z,49,25.14000015258789,156317,25.1,466,94.9,97,8491
1996-12-13T00:00:00.000Z,50,24.2,154356,24.5,434,94.0,283,7848
1996-12-20T00:00:00.000Z,51,26.020000076293947,152417,24.3,353,94.0,211,7150
1996-12-27T00:00:00.000Z,52,25.4375,153479,24.1,367,93.8,97,7730
1996-12-31T00:00:00.000Z,1,21.866666475931805,160271,26.6,285,93.2,87,6926
1997-01-10T00:00:00.000Z,2,26.299999618530272,158237,26.4,401,91.6,284,7396
1997-01-17T00:00:00.000Z,3,25.42000045776367,158935,27.1,438,90.6,212,7417
1997-01-24T00:00:00.000Z,4,24.4,160557,27.9,468,89.7,398,8144
1997-01-31T00:00:00.000Z,5,24.239999771118164,162575,28.3,376,91.3,99,7113
1997-02-07T00:00:00.000Z,6,23.489999771118164,164170,29.3,545,88.2,235,8316
1997-02-14T00:00:00.000Z,7,22.210000228881835,163800,28.9,455,87.5,99,6905
1997-02-21T00:00:00.000Z,8,22.175000190734863,159978,27.7,418,88.8,99,7403
1997-02-28T00:00:00.000Z,9,20.829999923706055,158137,26.8,634,89.4,98,7331
1997-03-07T00:00:00.000Z,10,20.770000076293947,159482,26.5,693,90.5,98,7742
1997-03-14T00:00:00.000Z,11,20.639999771118163,155084,25.5,736,91.1,98,7753
1997-03-21T00:00:00.000Z,12,21.720000076293946,153275,25.6,668,93.5,98,7135
1997-03-27T00:00:00.000Z,13,20.825000286102295,151171,25.6,430,92.8,99,7870
1997-04-04T00:00:00.000Z,14,19.75999984741211,150315,24.9,884,93.3,99,8006
1997-04-11T00:00:00.000Z,15,19.379999923706055,148689,25.2,468,93.0,99,7782
1997-04-18T00:00:00.000Z,16,19.65,149597,25.0,480,93.2,99,8418
1997-04-25T00:00:00.000Z,17,19.85,149644,24.7,521,92.0,99,7853
1997-05-02T00:00:00.000Z,18,19.99000015258789,148799,24.3,705,94.1,102,8203
1997-05-09T00:00:00.000Z,19,19.940000534057617,152961,24.9,657,96.9,102,7796
1997-05-16T00:00:00.000Z,20,21.45,153163,24.7,705,97.4,102,7505
1997-05-23T00:00:00.000Z,21,21.43000030517578,154449,24.7,705,98.4,102,8187
1997-05-30T00:00:00.000Z,22,20.90000009536743,154804,24.9,564,99.0,102,8267
1997-06-06T00:00:00.000Z,23,20.11999969482422,158406,25.3,482,98.6,102,8899
1997-06-13T00:00:00.000Z,24,18.88000030517578,160941,25.8,761,97.6,102,9567
1997-06-20T00:00:00.000Z,25,18.929999923706056,161467,25.4,708,97.7,102,7213
1997-06-27T00:00:00.000Z,26,18.997999954223634,160936,25.2,356,97.3,102,8097
1997-07-03T00:00:00.000Z,27,19.949999809265137,161194,24.5,657,96.1,102,8577
1997-07-11T00:00:00.000Z,28,19.44199981689453,157279,23.6,346,97.9,102,7684
1997-07-18T00:00:00.000Z,29,19.487999725341798,156079,23.3,492,96.9,102,8375
1997-07-25T00:00:00.000Z,30,19.519999694824218,152758,22.6,465,96.0,102,8269
1997-08-01T00:00:00.000Z,31,20.128000259399414,149948,22.4,555,97.3,102,7620
1997-08-08T00:00:00.000Z,32,20.345999908447265,148520,22.4,368,96.1,102,8882
1997-08-15T00:00:00.000Z,33,19.986000061035156,146788,22.1,633,97.7,102,8828
1997-08-22T00:00:00.000Z,34,19.916000366210938,147933,22.7,333,99.3,102,8367
1997-08-29T00:00:00.000Z,35,19.5,146216,22.2,535,99.8,102,8101
1997-09-05T00:00:00.000Z,36,19.612499713897705,148665,22.5,375,99.4,101,7705
1997-09-12T00:00:00.000Z,37,19.44200019836426,150058,23.1,552,99.0,101,9311
1997-09-19T00:00:00.000Z,38,19.438000106811522,153517,23.8,479,98.5,101,8564
1997-09-26T00:00:00.000Z,39,20.120000076293945,154139,24.3,420,98.1,102,8687
1997-10-03T00:00:00.000Z,40,21.62400016784668,156313,24.3,604,97.6,102,9625
1997-10-10T00:00:00.000Z,41,22.011999893188477,156142,24.2,230,98.4,102,8221
1997-10-17T00:00:00.000Z,42,21.02599983215332,155854,23.8,458,95.9,102,8017
1997-10-24T00:00:00.000Z,43,20.996000289916992,157077,24.2,443,94.4,102,7633
1997-10-31T00:00:00.000Z,44,20.922000122070312,155861,24.2,569,94.8,101,7994
1997-11-07T00:00:00.000Z,45,20.649999618530273,155817,24.2,354,93.2,101,7529
1997-11-14T00:00:00.000Z,46,20.660000228881835,156870,24.8,206,92.2,101,9475
1997-11-21T00:00:00.000Z,47,19.810000228881837,156934,24.4,355,95.5,101,7608
1997-11-26T00:00:00.000Z,48,19.296666463216145,158904,25.4,502,96.2,101,8391
1997-12-05T00:00:00.000Z,49,18.689999771118163,156701,24.9,290,95.8,102,8007
1997-12-12T00:00:00.000Z,50,18.438000106811522,159478,25.2,380,96.5,102,7140
1997-12-19T00:00:00.000Z,51,18.311999893188478,159350,25.1,383,96.3,102,8175
1997-12-26T00:00:00.000Z,52,18.30750036239624,161801,25.0,418,97.1,102,6987
1997-12-31T00:00:00.000Z,1,20.797999572753906,157777,25.4,588,93.2,98,6021
1998-01-02T00:00:00.000Z,1,17.40999984741211,166619,26.2,333,97.2,102,7241
1998-01-09T00:00:00.000Z,2,16.83199996948242,171031,27.1,449,96.1,103,8733
1998-01-16T00:00:00.000Z,3,16.468000411987305,172446,27.7,350,94.1,103,8960
1998-01-23T00:00:00.000Z,4,16.014999866485596,170683,27.9,458,93.3,103,8114
1998-01-30T00:00:00.000Z,5,17.301999664306642,171419,28.1,411,92.2,103,7448
1998-02-06T00:00:00.000Z,6,16.653999710083006,172900,28.4,373,92.7,102,8323
1998-02-13T00:00:00.000Z,7,16.248000144958496,170863,27.7,303,90.3,102,8242
1998-02-20T00:00:00.000Z,8,16.03250002861023,170314,27.7,523,89.8,102,6580
1998-02-27T00:00:00.000Z,9,15.299999809265136,170920,27.9,430,89.6,102,7170
1998-03-06T00:00:00.000Z,10,15.233999824523925,168235,27.6,366,93.1,102,7726
1998-03-13T00:00:00.000Z,11,14.401999855041504,164353,27.2,490,93.8,102,7683
1998-03-20T00:00:00.000Z,12,14.036000061035157,164898,27.6,416,94.2,102,8178
1998-03-27T00:00:00.000Z,13,16.422000122070312,165233,27.2,279,94.7,102,9213
1998-04-03T00:00:00.000Z,14,15.976000022888183,160833,25.7,636,94.6,104,8117
1998-04-09T00:00:00.000Z,15,15.547499895095825,161681,25.7,590,95.6,104,8347
1998-04-17T00:00:00.000Z,16,15.526000213623046,162616,25.4,520,98.5,104,10168
1998-04-24T00:00:00.000Z,17,14.495999908447265,163269,25.4,505,95.8,104,7978
1998-05-01T00:00:00.000Z,18,15.714000129699707,163238,26.0,509,98.2,104,8312
1998-05-08T00:00:00.000Z,19,15.47599983215332,167282,26.9,650,95.4,104,8612
1998-05-15T00:00:00.000Z,20,15.02800006866455,166286,26.4,590,96.3,104,8504
1998-05-22T00:00:00.000Z,21,13.907999992370605,167047,26.4,612,98.1,104,7959
1998-05-29T00:00:00.000Z,22,14.992499828338623,169099,26.8,612,99.5,104,8738
1998-06-05T00:00:00.000Z,23,15.021999931335449,170866,26.3,852,97.0,104,9806
1998-06-12T00:00:00.000Z,24,13.423999977111816,172483,26.7,551,98.2,104,8875
1998-06-19T00:00:00.000Z,25,12.044000053405762,174440,27.2,561,98.4,104,8193
1998-06-26T00:00:00.000Z,26,14.167999839782714,175082,26.8,730,98.1,104,10018
1998-07-02T00:00:00.000Z,27,14.410000085830688,171341,25.9,489,97.2,105,7704
1998-07-10T00:00:00.000Z,28,13.936000061035156,174122,26.2,552,100.0,105,9250
1998-07-17T00:00:00.000Z,29,14.478000068664551,173779,25.5,525,99.5,105,9209
1998-07-24T00:00:00.000Z,30,13.892000007629395,172871,25.9,355,99.6,105,9264
1998-07-31T00:00:00.000Z,31,14.244000053405761,169290,25.3,574,98.4,106,9369
1998-08-07T00:00:00.000Z,32,13.82800006866455,167122,24.9,396,98.0,106,9345
1998-08-14T00:00:00.000Z,33,13.115999794006347,164441,24.4,715,99.0,106,9958
1998-08-21T00:00:00.000Z,34,13.331999969482421,164842,24.2,496,99.8,106,8993
1998-08-28T00:00:00.000Z,35,13.647999954223632,165283,24.5,473,100.5,106,9379
1998-09-04T00:00:00.000Z,36,13.98400001525879,163203,23.9,410,98.4,104,8487
1998-09-11T00:00:00.000Z,37,14.452500104904175,160886,24.0,462,98.9,104,8631
1998-09-18T00:00:00.000Z,38,14.876000022888183,163641,24.6,473,96.0,104,7476
1998-09-25T00:00:00.000Z,39,15.779999923706054,162362,24.7,478,94.8,104,9114
1998-10-02T00:00:00.000Z,40,15.834000205993652,163574,25.1,652,88.5,105,8222
1998-10-09T00:00:00.000Z,41,15.01599998474121,156466,24.1,412,86.9,105,8663
1998-10-16T00:00:00.000Z,42,14.214000129699707,158994,24.2,445,86.3,105,8158
1998-10-23T00:00:00.000Z,43,13.808000183105468,158609,24.2,472,87.9,105,8176
1998-10-30T00:00:00.000Z,44,14.344000053405761,156994,24.0,697,93.1,105,8201
1998-11-06T00:00:00.000Z,45,14.128000068664551,158043,24.7,470,94.8,105,8920
1998-11-13T00:00:00.000Z,46,13.634000015258788,162754,25.5,459,95.9,105,7770
1998-11-20T00:00:00.000Z,47,12.402000045776367,162006,25.2,587,94.2,105,9501
1998-11-25T00:00:00.000Z,48,11.616666475931803,162060,25.2,481,93.2,105,7976
1998-12-04T00:00:00.000Z,49,11.280000114440918,164219,25.6,441,93.5,104,9233
1998-12-11T00:00:00.000Z,50,11.16399974822998,165716,25.4,711,93.8,104,9152
1998-12-18T00:00:00.000Z,51,11.498000144958496,165090,25.0,493,93.7,104,8794
1998-12-24T00:00:00.000Z,52,10.999999761581421,166945,25.3,455,96.8,104,8982
1999-01-08T00:00:00.000Z,1,12.670000076293945,173435,26.7,197,96.5,104,8488
1999-01-15T00:00:00.000Z,2,12.621999931335449,178021,27.9,546,94.3,104,8944
1999-01-22T00:00:00.000Z,3,12.254999876022339,175927,27.7,382,90.0,104,8458
1999-01-29T00:00:00.000Z,4,12.460000038146973,177392,28.6,540,90.5,104,8559
1999-02-05T00:00:00.000Z,5,12.155999946594239,180776,29.1,441,90.8,104,8405
1999-02-12T00:00:00.000Z,6,11.805999755859375,177187,28.0,549,92.8,104,8255
1999-02-19T00:00:00.000Z,7,11.65750002861023,178500,28.6,493,91.8,104,8780
1999-02-26T00:00:00.000Z,8,12.363999938964843,177274,27.9,464,91.5,104,8949
1999-03-05T00:00:00.000Z,9,12.901999855041504,176539,27.2,431,91.1,104,8653
1999-03-12T00:00:00.000Z,10,14.192000007629394,172941,27.0,473,90.8,104,9044
1999-03-19T00:00:00.000Z,11,14.911999893188476,169594,26.3,413,90.1,104,7874
1999-03-26T00:00:00.000Z,12,15.55,166756,25.7,514,91.0,104,9085
1999-04-01T00:00:00.000Z,13,16.607499599456787,166539,25.9,522,93.0,104,8364
1999-04-09T00:00:00.000Z,14,16.452000427246094,168378,26.7,638,94.9,104,8630
1999-04-16T00:00:00.000Z,15,16.77400016784668,170051,26.9,793,94.8,104,8983
1999-04-23T00:00:00.000Z,16,17.927999877929686,166267,26.2,799,94.2,104,8273
1999-04-30T00:00:00.000Z,17,18.228000259399415,170711,26.7,603,95.5,104,8206
1999-05-07T00:00:00.000Z,18,18.623999786376952,173328,27.1,773,94.0,104,8439
1999-05-14T00:00:00.000Z,19,18.000000381469725,172841,26.5,677,93.4,104,9017
1999-05-21T00:00:00.000Z,20,17.17600021362305,173568,26.9,524,93.9,104,8638
1999-05-28T00:00:00.000Z,21,17.07400016784668,175282,26.6,704,93.8,104,9081
1999-06-04T00:00:00.000Z,22,16.772500038146973,178093,26.9,430,94.5,105,8406
1999-06-11T00:00:00.000Z,23,17.963999938964843,174298,26.2,370,93.7,105,8759
1999-06-18T00:00:00.000Z,24,18.206000137329102,176884,26.0,875,92.3,105,9164
1999-06-25T00:00:00.000Z,25,18.052000427246092,173792,25.2,787,92.6,105,7958
1999-07-02T00:00:00.000Z,26,19.039999771118165,169691,24.2,684,92.3,109,9248
1999-07-09T00:00:00.000Z,27,19.865000247955322,165935,23.9,385,93.8,109,8669
1999-07-16T00:00:00.000Z,28,20.211999893188477,165547,23.6,513,94.9,109,9000
1999-07-23T00:00:00.000Z,29,19.89000015258789,162203,23.5,452,95.8,109,9483
1999-07-30T00:00:00.000Z,30,20.62200012207031,160985,23.7,498,95.3,109,9228
1999-08-06T00:00:00.000Z,31,20.543999481201173,157863,23.4,478,96.9,108,8578
1999-08-13T00:00:00.000Z,32,21.440000152587892,158455,23.5,602,95.4,108,8633
1999-08-20T00:00:00.000Z,33,21.620000457763673,159489,23.7,538,95.5,108,9053
1999-08-27T00:00:00.000Z,34,21.206000137329102,158140,23.3,546,93.6,108,9138
1999-09-03T00:00:00.000Z,35,21.882000350952147,156772,23.0,498,96.5,108,8305
1999-09-10T00:00:00.000Z,36,23.0024995803833,155455,23.2,540,94.3,109,8245
1999-09-17T00:00:00.000Z,37,24.276000213623046,156122,23.2,575,93.8,109,8809
1999-09-24T00:00:00.000Z,38,24.52599983215332,155518,23.0,596,93.6,109,8474
1999-10-01T00:00:00.000Z,39,24.578000259399413,157168,23.3,448,93.9,109,8678
1999-10-08T00:00:00.000Z,40,22.71799964904785,158680,23.7,581,92.5,109,7727
1999-10-15T00:00:00.000Z,41,22.54199981689453,159694,23.7,561,90.0,109,8832
1999-10-22T00:00:00.000Z,42,22.645999908447266,156406,23.6,550,88.9,109,8115
1999-10-29T00:00:00.000Z,43,22.495999908447267,155186,23.3,589,90.7,109,8763
1999-11-05T00:00:00.000Z,44,22.72400016784668,154168,23.1,235,90.7,109,8381
1999-11-12T00:00:00.000Z,45,24.220000076293946,151697,22.7,434,90.8,110,8362
1999-11-19T00:00:00.000Z,46,26.047999954223634,150898,22.6,398,91.5,110,8227
1999-11-26T00:00:00.000Z,47,27.34499979019165,151655,22.8,581,91.2,110,7450
1999-12-03T00:00:00.000Z,48,25.461999893188477,155379,23.9,339,91.6,110,8827
1999-12-10T00:00:00.000Z,49,26.186000061035156,154566,23.7,513,90.0,110,7548
1999-12-17T00:00:00.000Z,50,26.20400047302246,153235,23.4,245,90.2,110,8147
1999-12-23T00:00:00.000Z,51,26.06500005722046,152457,23.1,451,88.8,110,8310
1999-12-30T00:00:00.000Z,52,26.335000038146973,151378,22.2,680,89.0,110,8054
2000-01-07T00:00:00.000Z,1,24.947500228881836,154476,22.9,470,86.1,108,8508
2000-01-14T00:00:00.000Z,2,26.26799964904785,159177,24.1,480,85.3,108,7396
2000-01-21T00:00:00.000Z,3,29.367499828338623,158360,24.9,555,85.7,108,8448
2000-01-28T00:00:00.000Z,4,28.336000061035158,158009,25.4,884,87.4,108,6746
2000-02-04T00:00:00.000Z,5,28.076000213623047,159659,25.5,430,84.6,108,8416
2000-02-11T00:00:00.000Z,6,28.831999588012696,156320,24.7,451,85.3,108,8198
2000-02-18T00:00:00.000Z,7,29.87200012207031,152503,23.9,533,86.2,108,8265
2000-02-25T00:00:00.000Z,8,30.09749984741211,152602,24.1,668,86.7,108,7684
2000-03-03T00:00:00.000Z,9,31.071999740600585,155461,24.7,594,86.9,108,8818
2000-03-10T00:00:00.000Z,10,32.136000061035155,154461,24.2,523,89.3,108,7953
2000-03-17T00:00:00.000Z,11,31.294000244140626,154568,24.5,503,89.0,108,8628
2000-03-24T00:00:00.000Z,12,27.99000015258789,154906,24.5,724,91.3,108,8043
2000-03-31T00:00:00.000Z,13,26.916000366210938,157209,24.6,315,92.3,108,9282
2000-04-07T00:00:00.000Z,14,25.595999908447265,157070,24.6,522,91.3,109,9205
2000-04-14T00:00:00.000Z,15,24.868000030517578,155255,24.1,414,91.3,109,9124
2000-04-20T00:00:00.000Z,16,26.66249990463257,154494,23.8,600,91.5,109,9708
2000-04-28T00:00:00.000Z,17,25.95,156156,23.7,701,93.1,109,8701
2000-05-05T00:00:00.000Z,18,26.750000381469725,156132,23.5,533,92.4,108,9353
2000-05-12T00:00:00.000Z,19,28.699999618530274,158249,23.9,443,93.8,108,8908
2000-05-19T00:00:00.000Z,20,29.878000259399414,159959,24.2,804,94.8,108,9341
2000-05-26T00:00:00.000Z,21,29.4620002746582,157474,23.4,615,95.3,108,8672
2000-06-02T00:00:00.000Z,22,29.980000495910645,157567,23.3,722,95.6,110,8660
2000-06-09T00:00:00.000Z,23,29.78800048828125,158360,23.3,344,95.0,110,8846
2000-06-16T00:00:00.000Z,24,32.452000045776366,157746,23.0,632,96.1,110,9477
2000-06-23T00:00:00.000Z,25,33.55199966430664,159269,23.6,550,96.0,110,9374
2000-06-30T00:00:00.000Z,26,32.11999931335449,159021,23.8,602,95.5,109,8939
2000-07-07T00:00:00.000Z,27,30.40333366394043,160617,23.8,338,96.0,109,9824
2000-07-14T00:00:00.000Z,28,30.436000061035156,161249,23.9,518,96.1,109,9341
2000-07-21T00:00:00.000Z,29,30.65,161699,24.1,348,96.0,109,9983
2000-07-28T00:00:00.000Z,30,28.019999313354493,162971,24.0,587,96.2,109,8784
2000-08-04T00:00:00.000Z,31,28.496000289916992,160763,23.7,480,95.8,108,9429
2000-08-11T00:00:00.000Z,32,30.136000061035155,158503,23.4,302,95.5,108,9696
2000-08-18T00:00:00.000Z,33,31.821999740600585,158066,23.0,438,95.6,108,9318
2000-08-25T00:00:00.000Z,34,32.461999130249026,154185,22.2,421,94.9,108,9296
2000-09-01T00:00:00.000Z,35,33.08199920654297,151924,22.2,484,96.0,107,9671
2000-09-08T00:00:00.000Z,36,34.422499656677246,149382,21.9,377,96.0,107,9497
2000-09-15T00:00:00.000Z,37,34.699999237060545,145680,21.4,521,93.3,107,9034
2000-09-22T00:00:00.000Z,38,35.486000061035156,149068,22.3,486,95.3,107,9464
2000-09-29T00:00:00.000Z,39,31.128000259399414,154836,23.5,497,94.7,107,8990
2000-10-06T00:00:00.000Z,40,31.268000030517577,154170,23.6,341,92.4,105,9139
2000-10-13T00:00:00.000Z,41,33.89800033569336,152254,23.4,698,90.9,105,8983
2000-10-20T00:00:00.000Z,42,33.48400039672852,151552,23.0,521,92.4,105,9631
2000-10-27T00:00:00.000Z,43,33.91599960327149,147300,21.8,310,93.5,105,9320
2000-11-03T00:00:00.000Z,44,32.78199996948242,145155,21.3,719,93.0,105,9328
2000-11-10T00:00:00.000Z,45,33.459999084472656,148037,21.9,453,92.8,105,8561
2000-11-17T00:00:00.000Z,46,35.00400009155273,148803,22.0,490,92.1,105,8853
2000-11-24T00:00:00.000Z,47,35.910000801086426,151339,22.8,487,90.1,105,7916
2000-12-01T00:00:00.000Z,48,34.10200119018555,155263,23.7,590,91.8,104,8712
2000-12-08T00:00:00.000Z,49,29.688000106811522,156036,23.5,518,93.2,104,8810
2000-12-15T00:00:00.000Z,50,29.045999908447264,157989,23.8,884,93.3,104,9445
2000-12-22T00:00:00.000Z,51,27.381999969482422,156240,23.2,347,93.0,104,8637
2000-12-29T00:00:00.000Z,52,26.522499561309814,153097,22.6,562,93.5,104,8877
2001-01-12T00:00:00.000Z,2,28.813999938964844,153468,24.0,712,92.2,103,8508
2001-01-19T00:00:00.000Z,3,30.625,155689,24.6,636,90.5,103,7806
2001-01-26T00:00:00.000Z,4,31.345999908447265,160143,26.3,740,90.8,103,8751
2001-02-02T00:00:00.000Z,5,29.592000198364257,156497,25.4,721,89.8,101,9217
2001-02-09T00:00:00.000Z,6,30.91800003051758,156505,25.5,592,89.6,101,9056
2001-02-16T00:00:00.000Z,7,29.673999786376953,156113,25.7,482,89.3,101,7689
2001-02-23T00:00:00.000Z,8,28.647500038146973,156158,25.1,580,91.1,101,9041
2001-03-02T00:00:00.000Z,9,27.910000228881835,153194,24.9,891,91.8,101,8654
2001-03-09T00:00:00.000Z,10,28.447999954223633,152358,24.5,563,90.1,99,10277
2001-03-16T00:00:00.000Z,11,27.018000030517577,148741,23.6,325,91.2,99,9331
2001-03-23T00:00:00.000Z,12,26.41800003051758,146768,23.2,664,89.3,99,9882
2001-03-30T00:00:00.000Z,13,26.858000183105467,143466,22.8,518,89.1,98,9228
2001-04-06T00:00:00.000Z,14,26.763999938964844,144205,23.0,692,90.4,98,9480
2001-04-12T00:00:00.000Z,15,28.272500038146973,144701,22.9,496,93.7,98,9864
2001-04-20T00:00:00.000Z,16,27.889999771118163,146114,22.8,678,96.2,98,9415
2001-04-27T00:00:00.000Z,17,26.99199981689453,149066,23.5,863,96.2,97,10324
2001-05-04T00:00:00.000Z,18,28.361999893188475,151290,23.4,786,95.8,97,9709
2001-05-11T00:00:00.000Z,19,28.12400016784668,153533,24.0,507,93.7,97,9330
2001-05-18T00:00:00.000Z,20,29.084000015258788,153249,23.8,813,95.4,97,10241
2001-05-25T00:00:00.000Z,21,28.921999740600587,157777,24.4,692,95.5,97,8951
2001-06-01T00:00:00.000Z,22,28.434999465942383,158401,24.5,489,97.6,96,9846
2001-06-08T00:00:00.000Z,23,27.97599983215332,162781,25.1,865,97.2,96,8694
2001-06-15T00:00:00.000Z,24,28.904000091552735,166958,25.9,829,93.6,96,8709
2001-06-22T00:00:00.000Z,25,27.086000061035158,167780,25.6,711,93.1,96,9076
2001-06-29T00:00:00.000Z,26,26.37400016784668,169089,25.5,752,95.7,96,9573
2001-07-06T00:00:00.000Z,27,26.86750030517578,169889,25.3,555,96.1,94,9262
2001-07-13T00:00:00.000Z,28,27.067999649047852,167527,24.4,637,94.4,94,9986
2001-07-20T00:00:00.000Z,29,25.263999938964844,166806,23.9,781,92.6,94,9651
2001-07-27T00:00:00.000Z,30,26.497999572753905,164154,23.5,808,93.0,94,8893
2001-08-03T00:00:00.000Z,31,27.100000381469727,161365,22.9,573,93.1,95,8683
2001-08-10T00:00:00.000Z,32,27.866000366210937,159441,22.9,621,93.4,95,8516
2001-08-17T00:00:00.000Z,33,27.51599998474121,158868,22.7,947,91.9,95,8572
2001-08-24T00:00:00.000Z,34,27.254000091552733,155008,22.0,579,91.6,95,9400
2001-08-31T00:00:00.000Z,35,26.8439998626709,151370,22.1,675,93.3,93,8258
2001-09-07T00:00:00.000Z,36,27.375000476837158,150976,22.3,582,95.4,93,9107
2001-09-14T00:00:00.000Z,37,28.223999786376954,146965,21.9,464,90.9,93,8677
2001-09-21T00:00:00.000Z,38,27.087999725341795,155051,23.7,935,89.3,93,8778
2001-09-28T00:00:00.000Z,39,22.34599952697754,157161,24.1,955,90.8,93,8988
2001-10-05T00:00:00.000Z,40,22.602000427246093,158960,24.4,773,91.7,91,9556
2001-10-12T00:00:00.000Z,41,22.657999801635743,160464,24.8,748,91.1,91,8636
2001-10-19T00:00:00.000Z,42,21.91800003051758,161542,24.3,695,92.2,91,9361
2001-10-26T00:00:00.000Z,43,21.776000213623046,161141,24.1,640,92.5,91,9443
2001-11-02T00:00:00.000Z,44,21.16800003051758,161772,23.7,776,91.2,30,9350
2001-11-09T00:00:00.000Z,45,20.695999908447266,160287,23.5,542,88.5,30,9669
2001-11-16T00:00:00.000Z,46,19.607999801635742,160826,23.7,822,89.8,30,8909
2001-11-21T00:00:00.000Z,47,18.276666005452473,159484,23.7,740,90.8,30,8217
2001-11-30T00:00:00.000Z,48,19.12799987792969,161992,24.4,831,91.3,35,9891
2001-12-07T00:00:00.000Z,49,19.47400016784668,161424,24.6,438,89.1,35,9001
2001-12-14T00:00:00.000Z,50,18.45,160692,24.5,696,89.2,35,8807
2001-12-21T00:00:00.000Z,51,19.2,157866,24.1,771,88.0,35,8692
2001-12-28T00:00:00.000Z,52,20.93666648864746,157680,24.0,816,90.2,35,8167
2001-12-31T00:00:00.000Z,1,26.230000305175782,153844,23.4,694,91.8,103,9362
2002-01-11T00:00:00.000Z,2,20.54199981689453,161279,24.5,728,90.0,34,8517
2002-01-18T00:00:00.000Z,3,18.60999984741211,164215,25.5,617,87.7,34,9187
2002-01-25T00:00:00.000Z,4,19.207499980926514,165963,26.4,736,84.8,34,8589
2002-02-01T00:00:00.000Z,5,19.713999557495118,165964,26.4,570,85.5,33,8595
2002-02-08T00:00:00.000Z,6,19.970000076293946,167554,26.7,475,86.3,33,9293
2002-02-15T00:00:00.000Z,7,21.18000030517578,166149,26.3,868,86.5,33,8034
2002-02-22T00:00:00.000Z,8,20.702499866485596,162683,25.8,685,87.6,33,8095
2002-03-01T00:00:00.000Z,9,21.432000350952148,160833,25.0,727,85.4,33,8201
2002-03-08T00:00:00.000Z,10,23.30800018310547,160536,24.7,669,84.7,33,8160
2002-03-15T00:00:00.000Z,11,24.399999618530273,157602,24.2,720,86.1,33,8448
2002-03-22T00:00:00.000Z,12,25.254000091552733,156157,24.1,785,87.7,33,7858
2002-03-28T00:00:00.000Z,13,25.860000133514404,159088,24.9,782,88.3,33,9127
2002-04-05T00:00:00.000Z,14,26.993999481201172,158183,24.6,897,89.7,33,8849
2002-04-12T00:00:00.000Z,15,25.24000015258789,157778,24.3,714,90.9,33,8265
2002-04-19T00:00:00.000Z,16,25.536000442504882,159686,24.2,863,90.7,33,9133
2002-04-26T00:00:00.000Z,17,26.464000701904297,162451,24.2,1064,91.2,33,9409
2002-05-03T00:00:00.000Z,18,26.881999969482422,165915,24.6,853,93.2,32,9160
2002-05-10T00:00:00.000Z,19,27.27200050354004,167849,25.2,844,92.5,32,8765
2002-05-17T00:00:00.000Z,20,28.43000030517578,167437,24.7,1079,90.8,32,9101
2002-05-24T00:00:00.000Z,21,27.178000259399415,169134,25.0,866,91.8,32,8844
2002-05-31T00:00:00.000Z,22,25.21750020980835,168792,24.5,708,92.8,30,9165
2002-06-07T00:00:00.000Z,23,25.00999984741211,165674,24.0,574,93.0,30,8730
2002-06-14T00:00:00.000Z,24,24.936000061035156,166139,24.4,784,93.2,30,9218
2002-06-21T00:00:00.000Z,25,25.608000183105467,167457,24.5,1132,92.5,30,9030
2002-06-28T00:00:00.000Z,26,26.520000076293947,167685,24.3,1032,93.7,30,9591
2002-07-03T00:00:00.000Z,27,26.81333351135254,165631,24.1,594,94.1,30,8417
2002-07-12T00:00:00.000Z,28,26.703999710083007,165378,23.8,691,92.8,30,9163
2002-07-19T00:00:00.000Z,29,27.623999786376952,166012,23.5,1077,92.9,30,9226
2002-07-26T00:00:00.000Z,30,26.644000244140624,164851,23.4,870,93.8,30,9168
2002-08-02T00:00:00.000Z,31,26.874000549316406,163383,23.3,985,91.8,30,8686
2002-08-09T00:00:00.000Z,32,26.770000076293947,161095,22.7,667,92.1,30,9193
2002-08-16T00:00:00.000Z,33,28.522000122070313,162288,22.8,952,92.8,30,9398
2002-08-23T00:00:00.000Z,34,30.090000534057616,161526,22.5,990,91.9,30,9200
2002-08-30T00:00:00.000Z,35,28.83599967956543,158731,22.5,757,92.2,29,9233
2002-09-06T00:00:00.000Z,36,28.65250015258789,160442,22.8,961,92.9,29,8339
2002-09-13T00:00:00.000Z,37,29.594000244140624,157666,22.7,672,91.2,29,8665
2002-09-20T00:00:00.000Z,38,29.38599967956543,158923,23.3,792,91.5,29,8953
2002-09-27T00:00:00.000Z,39,30.634000396728517,160496,23.9,828,89.9,29,8509
2002-10-04T00:00:00.000Z,40,30.253999710083008,158341,23.5,1016,82.9,30,8191
2002-10-11T00:00:00.000Z,41,29.367999649047853,152071,22.6,572,79.7,30,9502
2002-10-18T00:00:00.000Z,42,29.647999954223632,150025,22.2,594,86.3,30,9992
2002-10-25T00:00:00.000Z,43,27.878000259399414,148487,21.8,773,88.6,10,9015
2002-11-01T00:00:00.000Z,44,27.026000213623046,146777,21.3,1090,89.6,10,9099
2002-11-08T00:00:00.000Z,45,25.971999740600587,148296,21.7,915,89.1,10,9177
2002-11-15T00:00:00.000Z,46,25.678000259399415,149096,21.7,738,90.2,10,10159
2002-11-22T00:00:00.000Z,47,26.98399963378906,152616,22.4,888,91.0,10,8957
2002-11-27T00:00:00.000Z,48,26.826667149861652,151922,22.8,780,92.1,10,9503
2002-12-06T00:00:00.000Z,49,27.142000198364258,155005,23.3,809,91.8,10,9882
2002-12-13T00:00:00.000Z,50,27.820000076293944,154935,23.1,801,89.2,10,9413
2002-12-20T00:00:00.000Z,51,30.34799995422363,157748,23.1,1038,88.0,10,9145
2002-12-27T00:00:00.000Z,52,32.37750053405762,157226,23.1,589,89.9,10,7631
2002-12-31T00:00:00.000Z,1,25.173999404907228,159544,24.0,765,89.6,34,8662
2003-01-10T00:00:00.000Z,2,31.53800048828125,165875,24.8,767,90.2,10,8489
2003-01-17T00:00:00.000Z,3,33.03800048828125,164569,25.2,820,88.0,10,8745
2003-01-24T00:00:00.000Z,4,34.454999923706055,160906,24.9,621,85.2,10,8678
2003-01-31T00:00:00.000Z,5,33.19199981689453,155712,24.4,711,83.6,10,8379
2003-02-07T00:00:00.000Z,6,33.954000091552736,158714,24.9,872,84.3,10,7197
2003-02-14T00:00:00.000Z,7,35.79200057983398,157759,24.9,738,86.6,10,8762
2003-02-21T00:00:00.000Z,8,36.77750015258789,153817,24.7,614,86.8,10,8325
2003-02-28T00:00:00.000Z,9,36.98000030517578,153243,24.5,678,85.6,10,8679
2003-03-07T00:00:00.000Z,10,36.975999450683595,148288,23.4,783,87.9,10,7621
2003-03-14T00:00:00.000Z,11,36.66399993896484,147090,23.2,1002,88.9,10,8693
2003-03-21T00:00:00.000Z,12,30.455999755859374,144878,22.9,988,88.5,10,9655
2003-03-28T00:00:00.000Z,13,30.43199920654297,145377,23.2,883,91.0,10,10361
2003-04-04T00:00:00.000Z,14,29.325999450683593,146294,23.8,1134,93.0,10,8917
2003-04-11T00:00:00.000Z,15,28.028000259399413,144671,23.7,981,93.2,10,9405
2003-04-17T00:00:00.000Z,16,29.28249979019165,145830,23.6,1023,92.2,10,10614
2003-04-25T00:00:00.000Z,17,28.432000350952148,149875,24.1,1112,92.8,10,9669
2003-05-02T00:00:00.000Z,18,25.689999771118163,150733,24.0,1105,94.3,10,9856
2003-05-09T00:00:00.000Z,19,26.58199996948242,152144,24.0,744,95.4,10,9334
2003-05-16T00:00:00.000Z,20,28.539999771118165,152312,23.8,1227,95.1,10,10073
2003-05-23T00:00:00.000Z,21,29.294000244140626,150413,22.8,923,94.3,10,10041
2003-05-30T00:00:00.000Z,22,29.10249948501587,153167,23.2,758,97.3,10,10521
2003-06-06T00:00:00.000Z,23,30.681999969482423,156422,23.8,827,95.9,10,9884
2003-06-13T00:00:00.000Z,24,31.457999420166015,155942,23.7,842,95.5,10,10302
2003-06-20T00:00:00.000Z,25,30.59799995422363,155325,24.0,871,93.3,10,9332
2003-06-27T00:00:00.000Z,26,30.01399955749512,152084,23.0,1070,93.8,10,9466
2003-07-03T00:00:00.000Z,27,30.30999994277954,151164,22.7,1135,93.9,10,9599
2003-07-11T00:00:00.000Z,28,30.728000259399415,155193,23.2,934,94.6,10,9732
2003-07-18T00:00:00.000Z,29,31.480000305175782,154503,22.8,738,93.0,10,9441
2003-07-25T00:00:00.000Z,30,30.605999755859376,151038,22.4,980,93.6,10,10084
2003-08-01T00:00:00.000Z,31,30.73399963378906,149417,21.9,931,91.9,10,10294
2003-08-08T00:00:00.000Z,32,32.10999984741211,146566,21.2,578,93.0,10,9970
2003-08-15T00:00:00.000Z,33,31.3060001373291,146806,21.0,908,94.0,10,9868
2003-08-22T00:00:00.000Z,34,31.189999771118163,142513,20.3,811,93.1,10,10246
2003-08-29T00:00:00.000Z,35,31.55799980163574,142937,20.4,1166,94.7,22,10126
2003-09-05T00:00:00.000Z,36,29.200000286102295,144252,20.7,921,94.7,22,9648
2003-09-12T00:00:00.000Z,37,28.920000076293945,144766,21.2,830,94.8,10,10759
2003-09-19T00:00:00.000Z,38,27.388000106811525,144651,21.7,721,92.7,10,10299
2003-09-26T00:00:00.000Z,39,27.731999969482423,148003,22.3,752,90.8,10,9513
2003-10-03T00:00:00.000Z,40,29.434000396728514,146121,22.0,831,90.2,10,9852
2003-10-10T00:00:00.000Z,41,30.691999435424805,143615,21.5,638,90.8,10,10019
2003-10-17T00:00:00.000Z,42,31.49000015258789,145383,21.9,698,92.1,10,9513
2003-10-24T00:00:00.000Z,43,30.172000122070312,143830,21.2,746,93.2,10,10159
2003-10-31T00:00:00.000Z,44,29.276000213623046,140694,20.9,759,93.7,10,10176
2003-11-07T00:00:00.000Z,45,29.788000106811523,140230,21.1,863,91.6,10,9948
2003-11-14T00:00:00.000Z,46,31.55800018310547,138830,20.8,632,92.3,10,10354
2003-11-21T00:00:00.000Z,47,32.5759994506836,141117,21.4,821,91.3,10,9151
2003-11-26T00:00:00.000Z,48,30.113333384195965,142923,21.9,947,93.5,10,9128
2003-12-05T00:00:00.000Z,49,30.631999969482422,145263,22.5,567,94.2,10,9531
2003-12-12T00:00:00.000Z,50,32.15800018310547,146250,22.9,759,92.0,10,9140
2003-12-19T00:00:00.000Z,51,33.2,145441,22.6,924,91.6,10,9515
2003-12-24T00:00:00.000Z,52,32.243333180745445,146896,22.9,583,91.7,10,9438
2003-12-31T00:00:00.000Z,1,32.65199851989746,161878,23.8,740,89.1,10,8289
2004-01-09T00:00:00.000Z,2,33.89400024414063,148626,23.8,604,90.8,10,9214
2004-01-16T00:00:00.000Z,3,34.51399917602539,148799,24.5,689,89.7,10,9803
2004-01-23T00:00:00.000Z,4,35.44999885559082,146513,24.2,490,88.8,10,8634
2004-01-30T00:00:00.000Z,5,33.61000061035156,145671,24.3,688,87.6,10,10488
2004-02-06T00:00:00.000Z,6,33.40600051879883,144926,24.0,555,90.3,10,8447
2004-02-13T00:00:00.000Z,7,33.88199920654297,143630,23.8,692,90.3,10,10160
2004-02-20T00:00:00.000Z,8,35.53999996185303,142821,23.5,854,87.3,10,9007
2004-02-27T00:00:00.000Z,9,36.081999969482425,140768,23.0,621,88.6,10,9837
2004-03-05T00:00:00.000Z,10,36.67399978637695,138269,22.6,1021,89.1,10,9788
2004-03-12T00:00:00.000Z,11,36.4379997253418,136542,22.3,934,87.6,10,9498
2004-03-19T00:00:00.000Z,12,37.78199996948242,137080,22.3,756,87.9,10,10108
2004-03-26T00:00:00.000Z,13,36.65400009155273,138908,22.6,1168,88.7,10,10077
2004-04-02T00:00:00.000Z,14,35.23400039672852,138345,22.3,1226,89.9,10,9757
2004-04-08T00:00:00.000Z,15,35.69999980926514,134452,21.9,834,88.0,10,9461
2004-04-16T00:00:00.000Z,16,37.38800048828125,136482,21.9,1295,91.9,10,9676
2004-04-23T00:00:00.000Z,17,37.32000045776367,135163,21.7,771,91.3,10,10469
2004-04-30T00:00:00.000Z,18,37.310000610351565,135486,22.4,618,93.0,10,9791
2004-05-07T00:00:00.000Z,19,39.23999938964844,136274,22.2,919,96.0,17,9926
2004-05-14T00:00:00.000Z,20,40.37199935913086,137671,22.2,955,95.3,17,9939
2004-05-21T00:00:00.000Z,21,40.84199981689453,138093,22.2,850,94.6,10,10493
2004-05-28T00:00:00.000Z,22,40.645999908447266,138008,22.1,991,94.9,10,10703
2004-06-04T00:00:00.000Z,23,40.00500011444092,139140,22.6,1029,96.0,10,10483
2004-06-10T00:00:00.000Z,24,37.98750019073486,137683,22.5,756,96.4,10,10271
2004-06-18T00:00:00.000Z,25,37.85600051879883,137055,22.3,1017,95.6,10,10188
2004-06-25T00:00:00.000Z,26,37.70200042724609,137238,22.4,969,96.1,10,10591
2004-07-02T00:00:00.000Z,27,37.13999938964844,136473,22.3,1262,96.7,10,10138
2004-07-09T00:00:00.000Z,28,39.727500915527344,136556,22.2,951,95.2,10,10054
2004-07-16T00:00:00.000Z,29,40.3259994506836,138818,22.7,872,94.5,10,9901
2004-07-23T00:00:00.000Z,30,41.273999786376955,138210,22.5,1263,97.0,10,11324
2004-07-30T00:00:00.000Z,31,42.50000076293945,139087,22.9,1104,96.3,10,10351
2004-08-06T00:00:00.000Z,32,43.806000518798825,136311,22.6,858,94.7,16,9524
2004-08-13T00:00:00.000Z,33,45.24400024414062,134810,21.9,891,95.8,16,10407
2004-08-20T00:00:00.000Z,34,47.27799987792969,134075,21.8,992,96.0,10,10549
2004-08-27T00:00:00.000Z,35,44.33600082397461,134512,21.9,889,95.7,10,10280
2004-09-03T00:00:00.000Z,36,43.283999633789065,132983,21.7,1192,96.5,10,10711
2004-09-10T00:00:00.000Z,37,43.329999923706055,132679,21.7,607,95.7,10,9914
2004-09-17T00:00:00.000Z,38,44.39400024414063,130672,21.6,884,88.1,10,8426
2004-09-24T00:00:00.000Z,39,47.816000366210936,129360,21.7,1003,83.7,10,9886
2004-10-01T00:00:00.000Z,40,49.71399993896485,130512,22.1,915,88.9,10,10180
2004-10-08T00:00:00.000Z,41,51.774000549316405,130998,22.4,1032,86.9,17,10054
2004-10-15T00:00:00.000Z,42,54.11600036621094,130396,22.3,720,88.2,17,10097
2004-10-22T00:00:00.000Z,43,54.427999877929686,133453,22.4,922,89.2,17,10317
2004-10-29T00:00:00.000Z,44,53.427999877929686,134012,22.4,670,89.4,17,10676
2004-11-05T00:00:00.000Z,45,49.80999984741211,134835,22.2,814,92.6,16,10495
2004-11-12T00:00:00.000Z,46,48.0,133928,22.1,715,93.5,16,10229
2004-11-19T00:00:00.000Z,47,47.01999969482422,136819,22.3,763,92.9,10,10189
2004-11-24T00:00:00.000Z,48,48.78666687011719,137786,22.5,899,94.0,10,10056
2004-12-03T00:00:00.000Z,49,46.060000610351565,138947,22.8,1093,94.0,10,10864
2004-12-10T00:00:00.000Z,50,41.90999908447266,139982,22.9,806,93.7,10,10366
2004-12-17T00:00:00.000Z,51,43.5,140912,23.1,719,93.4,10,10545
2004-12-23T00:00:00.000Z,52,44.39249897003174,142898,23.1,989,94.2,10,9863
2004-12-30T00:00:00.000Z,53,42.522499084472656,143784,23.2,837,94.8,10,9775
2005-01-07T00:00:00.000Z,1,44.07199935913086,143972,23.7,589,94.0,10,9973
2005-01-14T00:00:00.000Z,2,46.79000015258789,143884,24.1,583,91.5,10,10120
2005-01-21T00:00:00.000Z,3,47.84749984741211,143082,24.1,636,91.0,10,10458
2005-01-28T00:00:00.000Z,4,48.55800018310547,143574,24.6,781,91.6,10,9886
2005-02-04T00:00:00.000Z,5,46.970000457763675,144083,24.6,900,90.0,10,9914
2005-02-11T00:00:00.000Z,6,46.08000030517578,146082,25.1,1175,91.7,10,10434
2005-02-18T00:00:00.000Z,7,47.81999969482422,146641,25.2,776,90.2,10,9643
2005-02-25T00:00:00.000Z,8,51.74499988555908,147020,25.3,984,89.3,10,10065
2005-03-04T00:00:00.000Z,9,52.74399948120117,146262,25.2,957,89.5,17,10099
2005-03-11T00:00:00.000Z,10,54.22400054931641,142769,24.6,964,90.7,10,10041
2005-03-18T00:00:00.000Z,11,55.93000030517578,140115,24.1,978,90.2,10,10270
2005-03-24T00:00:00.000Z,12,52.945000648498535,137189,23.6,870,91.1,10,10568
2005-04-01T00:00:00.000Z,13,54.96999969482422,137560,23.3,900,93.7,10,9890
2005-04-08T00:00:00.000Z,14,55.23800048828125,137366,23.5,1002,91.0,10,9863
2005-04-15T00:00:00.000Z,15,51.43600006103516,137960,23.2,1090,91.8,10,9718
2005-04-22T00:00:00.000Z,16,52.390000915527345,138148,23.1,1072,91.3,10,10863
2005-04-29T00:00:00.000Z,17,51.99599990844727,139486,23.3,1047,91.7,10,10259
2005-05-06T00:00:00.000Z,18,50.635999298095705,140709,23.3,1098,91.8,17,9992
2005-05-13T00:00:00.000Z,19,50.33400039672851,142633,23.4,988,94.0,20,10859
2005-05-20T00:00:00.000Z,20,47.77000045776367,143314,23.3,1093,94.6,20,10311
2005-05-27T00:00:00.000Z,21,50.145999908447266,144327,23.2,1015,96.2,20,10698
2005-06-03T00:00:00.000Z,22,53.755001068115234,142789,23.0,836,94.9,17,10220
2005-06-10T00:00:00.000Z,23,53.74399948120117,141181,22.8,1043,96.7,17,10617
2005-06-17T00:00:00.000Z,24,56.18199996948242,140464,22.9,1143,94.8,17,10177
2005-06-24T00:00:00.000Z,25,59.044000244140626,141976,23.0,1030,96.3,17,10971
2005-07-01T00:00:00.000Z,26,58.21399993896485,141173,22.7,1014,98.1,19,10219
2005-07-08T00:00:00.000Z,27,60.35499954223633,140739,22.5,954,96.2,19,9954
2005-07-15T00:00:00.000Z,28,59.182000732421876,136933,22.3,810,92.8,19,10825
2005-07-22T00:00:00.000Z,29,57.30400009155274,135558,22.0,1052,93.5,19,9940
2005-07-29T00:00:00.000Z,30,59.38999938964844,132256,21.7,1013,95.8,19,10956
2005-08-05T00:00:00.000Z,31,61.63599853515625,130543,21.4,1186,95.0,19,11057
2005-08-12T00:00:00.000Z,32,64.84599990844727,127584,20.9,973,93.5,19,10305
2005-08-19T00:00:00.000Z,33,64.91800079345703,125928,20.5,1225,93.4,19,10577
2005-08-26T00:00:00.000Z,34,66.34199981689453,125450,20.6,1271,97.1,19,10463
2005-09-02T00:00:00.000Z,35,68.47200164794921,121646,20.4,862,86.8,19,9531
2005-09-09T00:00:00.000Z,36,64.80500030517578,123377,21.0,1098,87.3,19,9128
2005-09-16T00:00:00.000Z,37,63.84399948120117,126026,21.8,938,90.8,19,9832
2005-09-23T00:00:00.000Z,38,66.42999877929688,129275,22.6,1207,86.7,19,9693
2005-09-30T00:00:00.000Z,39,66.06400146484376,125509,22.3,1423,69.8,19,8119
2005-10-07T00:00:00.000Z,40,63.05600128173828,124944,21.9,1431,74.9,20,8619
2005-10-14T00:00:00.000Z,41,62.86799926757813,128366,22.1,1541,79.1,20,9207
2005-10-21T00:00:00.000Z,42,62.28000030517578,128318,22.0,1027,80.7,20,9957
2005-10-28T00:00:00.000Z,43,61.327999877929685,130442,22.0,1220,82.5,20,10060
2005-11-04T00:00:00.000Z,44,60.33999938964844,131108,22.2,1131,84.0,20,10584
2005-11-11T00:00:00.000Z,45,58.800000762939455,132132,22.0,1096,86.2,20,9700
2005-11-18T00:00:00.000Z,46,56.99999923706055,134457,21.9,1130,88.1,20,10219
2005-11-23T00:00:00.000Z,47,58.13333257039388,134784,21.8,584,89.3,20,9693
2005-12-02T00:00:00.000Z,48,57.784000396728516,135649,22.1,949,90.6,20,10579
2005-12-09T00:00:00.000Z,49,59.82999954223633,136215,22.2,1256,89.6,20,10429
2005-12-16T00:00:00.000Z,50,60.31999969482422,135260,22.1,994,88.0,20,9859
2005-12-23T00:00:00.000Z,51,57.96800155639649,134105,21.9,960,88.9,20,10189
2005-12-30T00:00:00.000Z,52,59.822500228881836,133972,22.0,921,89.9,20,10058
2006-01-06T00:00:00.000Z,1,63.385000228881836,135551,22.6,1008,89.8,20,9870
2006-01-13T00:00:00.000Z,2,63.74000015258789,137077,23.2,1023,86.5,20,9846
2006-01-20T00:00:00.000Z,3,66.78500175476074,138781,23.9,917,86.2,20,9257
2006-01-27T00:00:00.000Z,4,66.81999969482422,140897,24.7,935,87.0,21,9596
2006-02-03T00:00:00.000Z,5,66.59000091552734,143043,25.1,1188,85.8,21,9860
2006-02-10T00:00:00.000Z,6,63.05999908447266,143323,25.2,1094,86.1,21,10264
2006-02-17T00:00:00.000Z,7,59.369999694824216,142351,25.1,1193,86.6,21,9959
2006-02-24T00:00:00.000Z,8,59.932498931884766,141578,25.1,1230,85.2,21,9878
2006-03-03T00:00:00.000Z,9,62.27199935913086,139862,24.9,1110,83.0,21,10145
2006-03-10T00:00:00.000Z,10,60.88999938964844,139722,24.8,1268,85.7,21,9940
2006-03-17T00:00:00.000Z,11,62.64000015258789,136935,24.5,1111,86.7,21,9331
2006-03-24T00:00:00.000Z,12,61.35600051879883,133923,23.8,1049,87.0,21,10100
2006-03-31T00:00:00.000Z,13,65.66999969482421,129764,23.3,1087,85.9,22,9953
2006-04-07T00:00:00.000Z,14,66.56399993896484,121761,22.8,1101,85.6,22,9539
2006-04-13T00:00:00.000Z,15,68.84499931335449,116294,22.2,907,86.2,22,9665
2006-04-21T00:00:00.000Z,16,71.86800079345703,115416,22.0,1338,88.2,22,9864
2006-04-28T00:00:00.000Z,17,70.3780014038086,113922,22.2,1019,88.8,22,9811
2006-05-05T00:00:00.000Z,18,72.14000091552734,114290,22.4,1649,90.2,21,10007
2006-05-12T00:00:00.000Z,19,71.49600067138672,114826,22.4,1450,89.8,21,10383
2006-05-19T00:00:00.000Z,20,69.07400054931641,117668,22.6,1626,89.7,21,9557
2006-05-26T00:00:00.000Z,21,70.35,119635,22.4,1552,91.4,21,10842
2006-06-02T00:00:00.000Z,22,71.52750015258789,120581,22.5,1399,91.0,21,10881
2006-06-09T00:00:00.000Z,23,71.54000091552734,121242,22.8,1410,92.7,21,10547
2006-06-16T00:00:00.000Z,24,69.48200073242188,122302,22.7,1084,93.3,21,10994
2006-06-23T00:00:00.000Z,25,69.94000091552735,122234,22.5,958,93.8,21,10546
2006-06-30T00:00:00.000Z,26,72.65400085449218,122082,22.4,1271,93.1,22,10539
2006-07-07T00:00:00.000Z,27,74.65333302815755,120612,22.2,1099,90.5,22,9619
2006-07-14T00:00:00.000Z,28,75.20800018310547,120857,22.3,1050,92.9,22,10701
2006-07-21T00:00:00.000Z,29,73.97599945068359,119638,22.0,1008,92.5,22,10507
2006-07-28T00:00:00.000Z,30,73.8740005493164,118285,22.0,1327,90.8,22,10431
2006-08-04T00:00:00.000Z,31,75.20399932861328,116573,21.6,1216,91.6,21,10165
2006-08-11T00:00:00.000Z,32,75.63399963378906,116155,21.4,1388,91.5,21,10022
2006-08-18T00:00:00.000Z,33,71.79400024414062,115712,21.4,1324,92.8,21,10197
2006-08-25T00:00:00.000Z,34,72.11999816894532,114857,21.5,1183,92.9,21,11153
2006-09-01T00:00:00.000Z,35,70.00599822998046,114397,21.6,1027,93.6,21,10365
2006-09-08T00:00:00.000Z,36,67.53000068664551,113503,21.7,1084,93.0,21,10597
2006-09-15T00:00:00.000Z,37,63.97799911499023,113635,21.9,799,93.4,21,10592
2006-09-22T00:00:00.000Z,38,61.40400009155273,118060,22.8,1459,92.4,21,11083
2006-09-29T00:00:00.000Z,39,61.93800048828125,118527,23.3,1114,89.9,21,10513
2006-10-06T00:00:00.000Z,40,59.76599960327148,118733,23.4,1070,89.2,21,10364
2006-10-13T00:00:00.000Z,41,58.581999969482425,117779,22.8,676,86.3,21,10430
2006-10-20T00:00:00.000Z,42,58.475999450683595,114456,22.3,957,86.2,21,9494
2006-10-27T00:00:00.000Z,43,58.880000305175784,112124,21.8,1219,88.9,21,10093
2006-11-03T00:00:00.000Z,44,58.55400009155274,111178,21.7,991,88.1,21,9787
2006-11-10T00:00:00.000Z,45,59.96399993896485,110548,21.4,1088,87.3,21,9450
2006-11-17T00:00:00.000Z,46,57.55800018310547,110431,21.8,1198,87.1,21,10490
2006-11-22T00:00:00.000Z,47,57.23666508992513,109606,21.8,940,88.1,21,9758
2006-12-01T00:00:00.000Z,48,62.024000549316405,109832,21.6,877,90.5,21,10299
2006-12-08T00:00:00.000Z,49,62.31800079345703,110768,21.4,967,89.1,21,9598
2006-12-15T00:00:00.000Z,50,61.90800018310547,111063,21.3,843,90.7,21,8902
2006-12-22T00:00:00.000Z,51,62.4,114090,21.7,968,90.9,21,9129
2006-12-29T00:00:00.000Z,52,60.65499973297119,116176,22.4,1254,91.0,21,10126
2007-01-12T00:00:00.000Z,2,54.11000061035156,120762,23.6,1035,87.9,22,11057
2007-01-19T00:00:00.000Z,3,51.5049991607666,122670,24.2,911,87.4,22,9808
2007-01-26T00:00:00.000Z,4,53.56600112915039,124064,24.7,1275,87.1,22,9967
2007-02-02T00:00:00.000Z,5,57.11399841308594,124879,25.0,984,87.3,22,9547
2007-02-09T00:00:00.000Z,6,58.99399948120117,124374,24.8,820,86.6,22,9584
2007-02-16T00:00:00.000Z,7,58.407999420166014,123153,24.4,948,85.2,22,9742
2007-02-23T00:00:00.000Z,8,59.56999969482422,121956,24.1,889,86.0,22,9522
2007-03-02T00:00:00.000Z,9,61.64000015258789,118353,23.7,788,85.8,22,8872
2007-03-09T00:00:00.000Z,10,60.85,116483,23.3,910,85.6,22,9802
2007-03-16T00:00:00.000Z,11,57.94000015258789,115660,22.9,803,86.3,22,10418
2007-03-23T00:00:00.000Z,12,58.263999938964844,115334,22.8,1134,87.0,22,9632
2007-03-30T00:00:00.000Z,13,64.18000030517578,112759,22.1,1009,87.0,22,10245
2007-04-05T00:00:00.000Z,14,64.81999969482422,107475,21.3,953,88.4,22,9804
2007-04-13T00:00:00.000Z,15,62.58199920654297,105803,21.0,1039,90.4,22,9919
2007-04-20T00:00:00.000Z,16,63.056000518798825,104676,20.8,1164,87.8,22,10035
2007-04-27T00:00:00.000Z,17,65.25800018310547,103745,20.8,1152,88.3,22,10264
2007-05-04T00:00:00.000Z,18,63.82199935913086,104471,20.9,1222,89.0,22,10991
2007-05-11T00:00:00.000Z,19,61.895999145507815,105463,21.0,1528,89.5,23,10332
2007-05-18T00:00:00.000Z,20,63.60800018310547,107079,21.0,1295,91.1,23,10892
2007-05-25T00:00:00.000Z,21,64.89399948120118,108665,21.0,1610,91.1,23,10018
2007-06-01T00:00:00.000Z,22,63.942498207092285,110262,21.3,1506,89.6,23,10240
2007-06-08T00:00:00.000Z,23,65.89599914550782,111971,21.3,1157,89.2,23,10141
2007-06-15T00:00:00.000Z,24,66.6240005493164,111943,21.4,1284,87.6,23,10791
2007-06-22T00:00:00.000Z,25,68.78199920654296,112600,21.2,1112,89.4,23,10501
2007-06-29T00:00:00.000Z,26,69.13400115966797,114073,21.4,1392,90.0,23,10778
2007-07-06T00:00:00.000Z,27,71.78250122070312,113684,21.4,1423,90.2,23,10025
2007-07-13T00:00:00.000Z,28,72.79200134277343,111751,21.1,915,91.0,23,10375
2007-07-20T00:00:00.000Z,29,74.91999969482421,111613,21.1,1652,91.7,23,10378
2007-07-27T00:00:00.000Z,30,75.1519989013672,111482,21.1,1225,93.6,23,10165
2007-08-03T00:00:00.000Z,31,76.75199890136719,110393,21.0,1397,91.3,24,9998
2007-08-10T00:00:00.000Z,32,71.9240005493164,109976,21.0,1213,91.8,24,9873
2007-08-17T00:00:00.000Z,33,72.05,108068,20.4,927,91.6,24,10815
2007-08-24T00:00:00.000Z,34,70.18800048828125,106695,20.0,993,90.3,24,9822
2007-08-31T00:00:00.000Z,35,72.9280014038086,105940,19.8,1314,92.1,25,10237
2007-09-07T00:00:00.000Z,36,75.96249771118164,104741,19.9,1016,90.5,25,9563
2007-09-14T00:00:00.000Z,37,78.94600067138671,105025,20.2,1011,89.6,25,9805
2007-09-21T00:00:00.000Z,38,82.25599975585938,104045,20.4,1052,86.9,25,10442
2007-09-28T00:00:00.000Z,39,81.70399932861328,103809,20.7,1154,87.5,25,10253
2007-10-05T00:00:00.000Z,40,80.59199981689453,105425,21.0,1323,87.8,24,9869
2007-10-12T00:00:00.000Z,41,81.45600280761718,105408,21.3,1093,87.3,24,10408
2007-10-19T00:00:00.000Z,42,87.80400238037109,104718,21.0,838,87.1,24,9103
2007-10-26T00:00:00.000Z,43,89.23399963378907,105152,21.0,1238,86.2,24,9381
2007-11-02T00:00:00.000Z,44,93.45599975585938,104541,20.8,1131,86.2,25,9656
2007-11-09T00:00:00.000Z,45,95.80800018310546,104380,20.9,1014,87.7,25,10487
2007-11-16T00:00:00.000Z,46,93.55599975585938,104516,21.0,1124,87.0,25,9820
2007-11-23T00:00:00.000Z,47,97.93000030517578,104304,21.2,835,89.4,25,10354
2007-11-30T00:00:00.000Z,48,92.46800079345704,105392,21.7,1169,89.4,25,9374
2007-12-07T00:00:00.000Z,49,88.70599975585938,106087,21.8,985,88.8,25,10063
2007-12-14T00:00:00.000Z,50,91.18200073242187,106784,22.0,1108,87.8,25,9111
2007-12-21T00:00:00.000Z,51,91.16000061035156,105695,22.0,1015,88.1,25,9805
2007-12-28T00:00:00.000Z,52,95.63749885559082,106527,22.2,1151,89.4,25,10009
2007-12-31T00:00:00.000Z,1,65.39400024414063,118281,23.0,1033,91.5,22,9505
2008-01-11T00:00:00.000Z,2,94.76199951171876,109073,23.2,938,87.1,26,10389
2008-01-18T00:00:00.000Z,3,91.51200256347656,111063,24.0,1228,86.5,26,10156
2008-01-25T00:00:00.000Z,4,89.41000175476074,113237,24.7,1156,85.0,26,10056
2008-02-01T00:00:00.000Z,5,91.13799896240235,114683,25.3,1144,84.3,26,10514
2008-02-08T00:00:00.000Z,6,89.07799987792968,115681,25.6,841,85.1,26,9737
2008-02-15T00:00:00.000Z,7,94.12999877929687,115778,25.6,827,83.5,26,10102
2008-02-22T00:00:00.000Z,8,99.61249923706055,116545,25.8,1354,84.7,26,9958
2008-02-29T00:00:00.000Z,9,100.83999938964844,117783,25.8,800,85.9,26,9437
2008-03-07T00:00:00.000Z,10,103.44400024414062,118680,26.0,745,85.0,26,10548
2008-03-14T00:00:00.000Z,11,109.34600067138672,117203,25.6,901,83.8,26,9468
2008-03-20T00:00:00.000Z,12,105.28249931335449,114653,25.2,963,82.2,26,8898
2008-03-28T00:00:00.000Z,13,104.49199829101562,111100,24.5,944,82.4,26,10283
2008-04-04T00:00:00.000Z,14,103.45999908447266,110463,24.0,907,83.0,26,8912
2008-04-11T00:00:00.000Z,15,109.71000061035156,107956,23.3,950,81.4,26,8879
2008-04-18T00:00:00.000Z,16,114.32799987792968,107399,22.9,1006,85.6,26,10041
2008-04-25T00:00:00.000Z,17,118.53399963378907,107938,22.8,1385,85.4,26,10215
2008-05-02T00:00:00.000Z,18,115.4219985961914,105407,22.9,1494,85.0,26,10628
2008-05-09T00:00:00.000Z,19,123.00599975585938,103481,22.7,915,86.6,26,9933
2008-05-16T00:00:00.000Z,20,124.96199951171874,103778,22.5,1143,87.9,26,9237
2008-05-23T00:00:00.000Z,21,130.13799896240235,103839,22.1,1023,87.9,26,8959
2008-05-30T00:00:00.000Z,22,128.46499824523926,105616,22.5,1310,89.7,27,9786
2008-06-06T00:00:00.000Z,23,128.16399993896485,105560,22.5,1195,88.6,27,9688
2008-06-13T00:00:00.000Z,24,134.8,106241,22.5,1042,89.3,27,10259
2008-06-20T00:00:00.000Z,25,134.34200134277344,106292,22.5,1162,88.6,27,10251
2008-06-27T00:00:00.000Z,26,136.9980010986328,106707,22.6,1356,89.2,27,10168
2008-07-03T00:00:00.000Z,27,142.5175018310547,106682,22.7,1163,89.2,27,9547
2008-07-11T00:00:00.000Z,28,139.95000305175782,107192,22.9,1016,89.5,27,10791
2008-07-18T00:00:00.000Z,29,135.3679992675781,108249,23.2,1145,87.1,27,9806
2008-07-25T00:00:00.000Z,30,125.9239990234375,105516,22.8,965,87.2,27,10005
2008-08-01T00:00:00.000Z,31,124.5739990234375,102600,22.2,864,87.0,27,10193
2008-08-08T00:00:00.000Z,32,118.797998046875,98327,21.5,785,85.9,27,9655
2008-08-15T00:00:00.000Z,33,114.4020004272461,95702,20.8,794,85.7,27,10991
2008-08-22T00:00:00.000Z,34,115.7000015258789,94861,20.7,1368,87.3,27,9979
2008-08-29T00:00:00.000Z,35,116.09199981689453,95768,20.6,883,88.7,26,9830
2008-09-05T00:00:00.000Z,36,108.36749839782715,91888,20.1,1121,78.3,26,8581
2008-09-12T00:00:00.000Z,37,102.8760009765625,89275,20.1,977,77.4,26,8510
2008-09-19T00:00:00.000Z,38,97.18999938964843,85940,19.8,1211,66.7,26,7143
2008-09-26T00:00:00.000Z,39,111.1219985961914,86788,20.3,1261,72.3,26,8989
2008-10-03T00:00:00.000Z,40,96.59400024414063,90846,21.3,1434,80.9,27,10346
2008-10-10T00:00:00.000Z,41,86.24200134277343,94973,22.1,1452,82.2,27,10161
2008-10-17T00:00:00.000Z,42,75.18999938964843,95481,22.2,1062,84.8,27,10400
2008-10-24T00:00:00.000Z,43,68.55999984741212,94473,21.8,831,85.3,27,10337
2008-10-31T00:00:00.000Z,44,65.2119987487793,95025,21.7,1040,85.3,27,9972
2008-11-07T00:00:00.000Z,45,64.30600204467774,95203,21.9,589,84.6,27,9503
2008-11-14T00:00:00.000Z,46,58.6020004272461,94870,22.0,860,84.9,27,9871
2008-11-21T00:00:00.000Z,47,52.25599975585938,95206,22.3,980,86.2,27,10959
2008-11-28T00:00:00.000Z,48,53.265000343322754,93413,22.3,884,84.3,27,9504
2008-12-05T00:00:00.000Z,49,45.597999572753906,93490,22.7,1106,87.4,28,9959
2008-12-12T00:00:00.000Z,50,44.565999603271486,93639,22.7,802,84.1,28,9673
2008-12-19T00:00:00.000Z,51,39.70399932861328,95557,23.0,1254,84.7,28,9118
2008-12-26T00:00:00.000Z,52,32.97500038146973,94635,23.0,1145,82.5,28,9249
2008-12-31T00:00:00.000Z,1,70.02499961853027,107811,22.8,1020,91.3,25,9806
2009-01-02T00:00:00.000Z,1,46.16999816894531,95957,23.4,852,84.6,28,10485
2009-01-09T00:00:00.000Z,2,44.45800018310547,96193,23.9,797,85.2,28,9729
2009-01-16T00:00:00.000Z,3,36.72800064086914,97208,24.8,1154,83.3,28,9866
2009-01-23T00:00:00.000Z,4,42.14500045776367,98483,25.1,1154,82.5,28,9708
2009-01-30T00:00:00.000Z,5,42.704000091552736,96867,25.1,829,83.5,28,10037
2009-02-06T00:00:00.000Z,6,40.77600021362305,94452,24.6,1318,81.6,28,9652
2009-02-13T00:00:00.000Z,7,36.94200057983399,93469,24.6,826,82.3,29,8793
2009-02-20T00:00:00.000Z,8,37.14499855041504,93092,24.0,805,81.4,29,8769
2009-02-27T00:00:00.000Z,9,41.09800033569336,91214,23.9,1170,83.1,29,9028
2009-03-06T00:00:00.000Z,10,43.177999877929686,90368,23.6,1257,82.7,29,9121
2009-03-13T00:00:00.000Z,11,45.655999755859376,89998,23.9,1149,82.1,29,9180
2009-03-20T00:00:00.000Z,12,49.486000061035156,88701,23.7,1136,82.0,29,9384
2009-03-27T00:00:00.000Z,13,52.986000061035156,87236,24.0,1211,81.7,29,9554
2009-04-03T00:00:00.000Z,14,50.344000244140624,87331,24.0,1006,81.8,30,9332
2009-04-09T00:00:00.000Z,15,50.46000003814697,88599,23.9,1074,80.4,30,9391
2009-04-17T00:00:00.000Z,16,49.863999938964845,88316,24.0,1117,83.4,30,9855
2009-04-24T00:00:00.000Z,17,47.79800033569336,85878,23.5,841,82.7,31,9824
2009-05-01T00:00:00.000Z,18,50.20399932861328,86250,23.5,823,85.3,31,9920
2009-05-08T00:00:00.000Z,19,55.960000610351564,85936,23.1,747,83.7,31,8708
2009-05-15T00:00:00.000Z,20,57.94000091552734,83593,22.5,938,81.8,30,8791
2009-05-22T00:00:00.000Z,21,60.320001220703126,83289,22.2,1005,85.1,30,8778
2009-05-29T00:00:00.000Z,22,64.3224983215332,82666,22.1,949,86.3,30,9646
2009-06-05T00:00:00.000Z,23,68.10800018310547,82119,21.8,872,85.9,30,8970
2009-06-12T00:00:00.000Z,24,70.85399932861328,81647,22.1,1090,85.9,30,9037
2009-06-19T00:00:00.000Z,25,70.61999969482422,83461,22.8,971,87.1,30,9284
2009-06-26T00:00:00.000Z,26,68.57999877929687,85472,23.0,979,87.0,30,9363
2009-07-02T00:00:00.000Z,27,69.32250022888184,86440,23.2,1207,86.8,30,9224
2009-07-10T00:00:00.000Z,28,61.476000213623045,85710,23.5,931,87.9,31,9549
2009-07-17T00:00:00.000Z,29,61.28600006103515,85810,23.5,1026,85.8,31,9203
2009-07-24T00:00:00.000Z,30,65.2759994506836,85644,23.1,991,84.6,31,10024
2009-07-31T00:00:00.000Z,31,67.03199920654296,85622,23.1,1021,84.5,31,9287
2009-08-07T00:00:00.000Z,32,71.57799987792968,85491,23.2,974,83.5,31,9530
2009-08-14T00:00:00.000Z,33,69.64199981689453,84462,23.0,942,84.0,31,8113
2009-08-21T00:00:00.000Z,34,70.80000152587891,85488,22.8,1102,84.1,31,9225
2009-08-28T00:00:00.000Z,35,72.3739990234375,84519,22.3,878,87.2,31,9576
2009-09-04T00:00:00.000Z,36,68.39199981689453,84505,22.4,985,87.2,31,9095
2009-09-11T00:00:00.000Z,37,70.90999794006348,84809,22.5,701,86.9,31,8903
2009-09-18T00:00:00.000Z,38,71.31999969482422,85911,23.3,1028,85.6,31,9794
2009-09-25T00:00:00.000Z,39,68.3259994506836,86233,23.4,851,84.6,31,9533
2009-10-02T00:00:00.000Z,40,68.83600006103515,86899,23.7,1011,85.0,31,9098
2009-10-09T00:00:00.000Z,41,70.8020004272461,81648,23.0,690,80.9,32,8731
2009-10-16T00:00:00.000Z,42,75.72599945068359,77701,22.6,649,81.1,32,8699
2009-10-23T00:00:00.000Z,43,80.06000061035157,77522,23.0,756,81.8,32,8890
2009-10-30T00:00:00.000Z,44,78.46599884033203,78012,23.1,1077,80.6,32,8126
2009-11-06T00:00:00.000Z,45,79.0000015258789,78807,23.6,732,79.9,32,8656
2009-11-13T00:00:00.000Z,46,78.24000091552735,79171,23.4,584,79.4,32,8579
2009-11-20T00:00:00.000Z,47,78.36800231933594,79766,23.4,928,80.3,32,8950
2009-11-27T00:00:00.000Z,48,76.14249801635742,80738,23.9,1100,79.7,32,8401
2009-12-04T00:00:00.000Z,49,76.80600128173828,81497,24.0,750,81.1,32,8137
2009-12-11T00:00:00.000Z,50,71.50999908447265,83014,24.1,967,80.0,32,7772
2009-12-18T00:00:00.000Z,51,71.72400207519532,82747,24.1,848,80.0,32,7707
2009-12-24T00:00:00.000Z,52,74.76250076293945,82509,23.9,753,80.3,32,8027
2010-01-08T00:00:00.000Z,1,82.34399871826172,83995,25.1,892,81.3,32,8895
2010-01-15T00:00:00.000Z,2,80.06000061035157,84169,25.9,730,78.4,33,8540
2010-01-22T00:00:00.000Z,3,76.62249946594238,84453,26.4,823,78.5,33,7867
2010-01-29T00:00:00.000Z,4,73.93600006103516,84582,26.4,926,77.7,33,8426
2010-02-05T00:00:00.000Z,5,74.5720001220703,85705,26.6,1168,79.1,33,8342
2010-02-12T00:00:00.000Z,6,73.88000183105468,85227,26.9,709,79.8,33,8548
2010-02-19T00:00:00.000Z,7,78.24749946594238,84180,26.4,846,81.2,33,9084
2010-02-26T00:00:00.000Z,8,79.22200012207031,83951,26.3,775,81.9,33,9236
2010-03-05T00:00:00.000Z,9,80.19000091552735,81922,25.8,806,80.7,33,8492
2010-03-12T00:00:00.000Z,10,81.75599975585938,82646,25.4,608,80.6,33,8428
2010-03-19T00:00:00.000Z,11,81.44200134277344,81773,25.1,623,81.1,33,9397
2010-03-26T00:00:00.000Z,12,80.64600067138672,80932,25.0,710,82.6,33,9060
2010-04-01T00:00:00.000Z,13,83.0099983215332,80562,24.7,756,84.5,33,9561
2010-04-09T00:00:00.000Z,14,85.66199951171875,79809,24.2,571,85.6,33,8880
2010-04-16T00:00:00.000Z,15,84.34200134277344,81503,24.6,756,85.9,34,9613
2010-04-23T00:00:00.000Z,16,82.9019989013672,81215,24.3,985,89.0,34,9681
2010-04-30T00:00:00.000Z,17,84.21799926757812,80078,24.3,1149,89.6,34,9951
2010-05-07T00:00:00.000Z,18,80.24000091552735,79021,24.1,856,88.4,34,9687
2010-05-14T00:00:00.000Z,19,74.98000030517578,79497,24.1,836,87.9,34,9829
2010-05-21T00:00:00.000Z,20,69.13600006103516,78571,24.2,1102,87.8,34,9928
2010-05-28T00:00:00.000Z,21,70.61799926757813,77845,24.0,954,87.5,34,9455
2010-06-04T00:00:00.000Z,22,72.90749931335449,77189,24.0,788,89.1,34,9535
2010-06-11T00:00:00.000Z,23,73.43600006103516,77388,23.7,838,87.9,34,9699
2010-06-18T00:00:00.000Z,24,76.69999847412109,77749,23.6,844,89.4,33,10112
2010-06-25T00:00:00.000Z,25,77.05999908447265,76917,23.4,1031,88.4,33,9481
2010-07-02T00:00:00.000Z,26,74.95799865722657,76267,23.4,1254,89.8,33,9413
2010-07-09T00:00:00.000Z,27,74.38750076293945,78668,23.7,921,90.5,33,9281
2010-07-16T00:00:00.000Z,28,76.3479995727539,77629,23.7,1175,91.5,33,9977
2010-07-23T00:00:00.000Z,29,77.56199951171875,77580,23.6,1082,90.6,33,11153
2010-07-30T00:00:00.000Z,30,78.11999969482422,76791,23.7,1233,91.2,33,9629
2010-08-06T00:00:00.000Z,31,81.78599853515625,76755,23.7,958,88.1,33,9441
2010-08-13T00:00:00.000Z,32,78.1719985961914,76424,23.6,1079,90.0,32,9561
2010-08-20T00:00:00.000Z,33,74.84399871826172,77530,24.0,1410,87.7,32,9881
2010-08-27T00:00:00.000Z,34,72.90999908447266,76200,24.1,1142,87.0,32,9679
2010-09-03T00:00:00.000Z,35,74.01999969482422,76756,24.0,1083,88.2,32,8885
2010-09-10T00:00:00.000Z,36,74.82000160217285,76639,24.2,644,87.6,33,9027
2010-09-17T00:00:00.000Z,37,75.61599884033203,77268,24.8,850,87.8,33,9322
2010-09-24T00:00:00.000Z,38,73.75599975585938,74940,24.4,881,85.8,33,9005
2010-10-01T00:00:00.000Z,39,78.40599975585937,73333,24.3,713,83.1,33,8926
2010-10-08T00:00:00.000Z,40,82.29400024414062,71811,24.2,708,81.9,33,8128
2010-10-15T00:00:00.000Z,41,82.16399993896485,72635,24.3,779,82.5,33,8600
2010-10-22T00:00:00.000Z,42,81.1479995727539,71189,23.9,999,83.7,33,9463
2010-10-29T00:00:00.000Z,43,82.02999877929688,70528,23.5,871,81.8,33,8578
2010-11-05T00:00:00.000Z,44,84.9279998779297,69448,23.2,802,82.4,33,8089
2010-11-12T00:00:00.000Z,45,86.90799865722656,68446,22.8,562,84.0,34,7864
2010-11-19T00:00:00.000Z,46,82.23399963378907,69138,23.4,784,85.5,34,9024
2010-11-26T00:00:00.000Z,47,82.27750015258789,68076,23.5,698,82.6,34,8446
2010-12-03T00:00:00.000Z,48,86.752001953125,69554,23.9,866,87.5,34,9053
2010-12-10T00:00:00.000Z,49,88.49600067138672,69232,23.7,876,88.0,33,7690
2010-12-17T00:00:00.000Z,50,88.26800079345703,70251,23.7,1007,87.7,33,8741
2010-12-23T00:00:00.000Z,51,89.66250038146973,68768,23.1,775,87.8,33,8813
2010-12-31T00:00:00.000Z,52,90.96599884033203,68365,23.7,513,88.0,33,8446
2011-01-07T00:00:00.000Z,1,89.54400024414062,67117,24.6,871,86.4,33,8895
2011-01-14T00:00:00.000Z,2,91.0239990234375,66820,25.4,722,83.0,33,8999
2011-01-21T00:00:00.000Z,3,89.75249862670898,67102,26.2,644,81.8,33,9385
2011-01-28T00:00:00.000Z,4,86.11399993896484,68543,27.2,1173,84.5,33,9014
2011-02-04T00:00:00.000Z,5,89.51999969482422,72053,27.9,1037,84.7,33,8909
2011-02-11T00:00:00.000Z,6,85.51399993896484,73764,27.9,935,81.2,33,8266
2011-02-18T00:00:00.000Z,7,84.13400115966797,73269,27.2,808,79.4,33,8106
2011-02-25T00:00:00.000Z,8,95.26000022888184,72910,26.4,808,80.9,33,8010
2011-03-04T00:00:00.000Z,9,101.05199737548828,71005,25.3,761,82.0,33,8300
2011-03-11T00:00:00.000Z,10,103.73800048828124,68692,24.8,648,83.4,34,8681
2011-03-18T00:00:00.000Z,11,99.78999938964844,66986,24.2,695,84.1,34,8987
2011-03-25T00:00:00.000Z,12,104.40599975585937,64682,24.1,884,84.1,34,9128
2011-04-01T00:00:00.000Z,13,105.08400115966796,63142,24.3,1077,84.4,34,8950
2011-04-08T00:00:00.000Z,14,109.28599853515625,60647,23.3,889,81.4,34,8571
2011-04-15T00:00:00.000Z,15,107.75,60252,23.1,853,82.5,34,8053
2011-04-21T00:00:00.000Z,16,109.10999870300293,58042,22.7,1050,82.7,34,9266
2011-04-29T00:00:00.000Z,17,112.2959991455078,56511,22.5,1106,82.8,34,8877
2011-05-06T00:00:00.000Z,18,105.83600006103515,55783,22.9,1213,81.7,34,8964
2011-05-13T00:00:00.000Z,19,99.86599884033203,55320,22.9,862,83.2,34,8570
2011-05-20T00:00:00.000Z,20,97.99400024414062,56551,23.4,1447,86.3,34,9232
2011-05-27T00:00:00.000Z,21,99.5459991455078,56306,23.4,1239,86.0,34,9518
2011-06-03T00:00:00.000Z,22,100.92250061035156,57520,23.4,1158,87.2,34,8600
2011-06-10T00:00:00.000Z,23,100.05399932861329,57674,23.3,1115,86.1,35,8638
2011-06-17T00:00:00.000Z,24,95.8739990234375,58361,23.0,867,89.2,35,9149
2011-06-24T00:00:00.000Z,25,92.69599914550781,56412,23.0,683,88.1,35,8878
2011-07-01T00:00:00.000Z,26,93.70200042724609,56755,22.8,700,88.4,35,9854
2011-07-08T00:00:00.000Z,27,97.12249755859375,54424,22.9,752,88.0,35,9000
2011-07-15T00:00:00.000Z,28,96.72000122070312,54588,23.2,881,90.3,35,9343
2011-07-22T00:00:00.000Z,29,98.00599975585938,55284,23.5,662,88.3,35,9840
2011-07-29T00:00:00.000Z,30,97.8280014038086,53561,23.7,845,89.3,35,9134
2011-08-05T00:00:00.000Z,31,90.85400085449218,54621,23.4,633,90.0,35,9100
2011-08-12T00:00:00.000Z,32,82.86200103759765,53569,22.9,677,89.1,35,9285
2011-08-19T00:00:00.000Z,33,85.36399993896484,54379,23.1,894,90.3,35,8808
2011-08-26T00:00:00.000Z,34,85.05599975585938,54538,22.8,608,89.2,35,9607
2011-09-02T00:00:00.000Z,35,88.0719985961914,54072,23.0,597,89.0,35,8565
2011-09-09T00:00:00.000Z,36,87.90499877929688,56011,23.4,659,87.0,35,8542
2011-09-16T00:00:00.000Z,37,88.93400115966797,55662,23.9,692,88.3,36,8351
2011-09-23T00:00:00.000Z,38,83.6519989013672,55733,24.1,541,87.8,36,9702
2011-09-30T00:00:00.000Z,39,81.1780014038086,56226,24.0,505,87.7,36,8700
2011-10-07T00:00:00.000Z,40,79.43399963378906,53473,23.4,418,84.2,36,9086
2011-10-14T00:00:00.000Z,41,85.3480010986328,55312,23.2,458,83.1,36,7921
2011-10-21T00:00:00.000Z,42,86.81799926757813,54911,23.4,675,84.8,36,9373
2011-10-28T00:00:00.000Z,43,92.31600036621094,55304,23.8,781,85.3,36,8954
2011-11-04T00:00:00.000Z,44,93.24400177001954,53510,23.8,750,82.6,36,8618
2011-11-11T00:00:00.000Z,45,96.96599884033203,53908,23.9,762,84.8,36,8565
2011-11-18T00:00:00.000Z,46,99.31799926757813,56610,24.4,956,85.5,36,8319
2011-11-25T00:00:00.000Z,47,96.8900032043457,56140,24.2,619,84.6,36,9061
2011-12-02T00:00:00.000Z,48,99.90599975585937,56871,24.9,820,87.7,36,9436
2011-12-09T00:00:00.000Z,49,100.07799987792968,60136,25.3,776,85.1,36,8322
2011-12-16T00:00:00.000Z,50,96.06399841308594,60618,25.0,601,84.9,36,7581
2011-12-23T00:00:00.000Z,51,97.74000091552735,61190,24.9,525,84.2,36,8990
2011-12-30T00:00:00.000Z,52,99.81000137329102,60416,25.1,734,85.0,36,9024
2012-01-13T00:00:00.000Z,2,100.43199920654297,62332,27.0,553,83.7,37,8265
2012-01-20T00:00:00.000Z,3,99.94499969482422,61457,27.7,722,82.2,37,8853
2012-01-27T00:00:00.000Z,4,99.35400085449218,62381,28.5,1045,81.8,37,8880
2012-02-03T00:00:00.000Z,5,97.8,62706,28.8,715,82.8,37,8413
2012-02-10T00:00:00.000Z,6,98.56000061035157,63389,28.7,548,84.0,37,8756
2012-02-17T00:00:00.000Z,7,101.72599945068359,61869,28.2,845,85.5,37,9091
2012-02-24T00:00:00.000Z,8,107.17499923706055,61159,27.7,599,83.6,37,9187
2012-03-02T00:00:00.000Z,9,107.51999969482422,60024,27.5,576,83.9,37,8712
2012-03-09T00:00:00.000Z,10,106.32400054931641,58670,27.1,532,82.7,37,8716
2012-03-16T00:00:00.000Z,11,106.14999847412109,59269,27.2,632,82.2,38,8224
2012-03-23T00:00:00.000Z,12,106.41000061035156,57320,26.5,564,84.5,38,9269
2012-03-30T00:00:00.000Z,13,105.12200012207032,57261,25.9,885,85.7,38,9774
2012-04-05T00:00:00.000Z,14,103.52249908447266,56389,25.2,705,83.8,38,8522
2012-04-13T00:00:00.000Z,15,102.5520004272461,54591,24.5,427,84.6,39,8718
2012-04-20T00:00:00.000Z,16,103.1520004272461,54299,24.4,620,84.7,39,8766
2012-04-27T00:00:00.000Z,17,103.78399963378907,52952,24.2,774,86.0,39,8822
2012-05-04T00:00:00.000Z,18,103.47199859619141,51852,23.8,607,86.4,39,8967
2012-05-11T00:00:00.000Z,19,96.98399963378907,50138,23.3,675,88.3,39,8881
2012-05-18T00:00:00.000Z,20,93.10800018310547,50028,22.9,575,88.1,39,8583
2012-05-25T00:00:00.000Z,21,90.88200073242187,49143,22.6,796,89.1,39,9056
2012-06-01T00:00:00.000Z,22,87.05749893188477,49862,23.1,836,91.0,39,8957
2012-06-08T00:00:00.000Z,23,84.43399963378906,50351,22.8,684,92.0,39,9117
2012-06-15T00:00:00.000Z,24,83.26999969482422,50674,22.9,988,91.9,39,9445
2012-06-22T00:00:00.000Z,25,81.11000061035156,51600,23.2,773,92.6,39,9118
2012-06-29T00:00:00.000Z,26,80.22599945068359,51894,23.0,823,92.0,39,8774
2012-07-06T00:00:00.000Z,27,85.73500061035156,51952,23.4,919,92.7,39,8626
2012-07-13T00:00:00.000Z,28,85.77999877929688,51261,23.3,635,92.0,39,8937
2012-07-20T00:00:00.000Z,29,90.33999938964844,53160,23.9,1020,93.0,40,9633
2012-07-27T00:00:00.000Z,30,88.8759994506836,52608,23.7,638,92.2,40,8406
2012-08-03T00:00:00.000Z,31,89.0980010986328,53578,23.6,457,92.6,40,8627
2012-08-10T00:00:00.000Z,32,93.14000091552734,51794,22.9,788,92.6,40,8717
2012-08-17T00:00:00.000Z,33,94.43400115966797,51230,22.5,777,91.2,40,8207
2012-08-24T00:00:00.000Z,34,96.2240005493164,50162,22.2,690,91.2,40,9495
2012-08-31T00:00:00.000Z,35,95.68400115966797,48613,21.7,964,86.1,40,8035
2012-09-07T00:00:00.000Z,36,95.67500114440918,48965,22.2,799,84.7,40,8565
2012-09-14T00:00:00.000Z,37,97.56199951171875,50248,22.1,458,88.9,41,9848
2012-09-21T00:00:00.000Z,38,93.70200042724609,48811,22.2,491,87.4,41,7595
2012-09-28T00:00:00.000Z,39,91.3479995727539,49720,22.6,573,88.2,41,8106
2012-10-05T00:00:00.000Z,40,90.81400146484376,47590,22.6,502,86.7,41,8221
2012-10-12T00:00:00.000Z,41,91.42200012207032,47612,22.7,530,87.4,41,8347
2012-10-19T00:00:00.000Z,42,91.58999938964844,48898,23.1,526,87.2,41,8823
2012-10-26T00:00:00.000Z,43,86.35399932861328,49637,23.0,616,87.7,41,7922
2012-11-02T00:00:00.000Z,44,85.87000122070313,51532,23.6,270,85.4,41,8011
2012-11-09T00:00:00.000Z,45,85.98200073242188,51354,23.4,598,86.0,42,7870
2012-11-16T00:00:00.000Z,46,85.86599884033203,51416,22.9,616,87.5,42,7768
2012-11-23T00:00:00.000Z,47,87.4000015258789,51571,23.7,494,88.6,42,8118
2012-11-30T00:00:00.000Z,48,87.2739990234375,55286,24.5,513,90.6,42,8230
2012-12-07T00:00:00.000Z,49,87.00200042724609,56285,25.4,585,90.4,42,8499
2012-12-14T00:00:00.000Z,50,85.71199951171874,55657,25.9,521,91.5,43,8399
2012-12-21T00:00:00.000Z,51,88.24399871826172,59457,26.2,602,90.3,43,8025
2012-12-28T00:00:00.000Z,52,90.14250183105469,59177,26.4,487,90.4,43,7094
2012-12-31T00:00:00.000Z,1,100.2759994506836,60872,25.9,444,85.6,36,9907
2013-01-11T00:00:00.000Z,2,93.37999877929687,57343,28.1,375,87.9,43,8030
2013-01-18T00:00:00.000Z,3,94.58199920654297,57599,28.0,430,83.6,44,7730
2013-01-25T00:00:00.000Z,4,95.4124984741211,58755,27.9,623,85.0,44,8068
2013-02-01T00:00:00.000Z,5,97.33200073242188,58026,27.8,693,84.2,44,7569
2013-02-08T00:00:00.000Z,6,96.17599945068359,58140,27.6,611,83.8,44,7513
2013-02-15T00:00:00.000Z,7,96.9540008544922,58300,27.3,505,82.9,44,7689
2013-02-22T00:00:00.000Z,8,94.38000106811523,58659,27.0,575,85.1,44,7958
2013-03-01T00:00:00.000Z,9,92.18999786376953,56289,27.0,605,82.2,44,7308
2013-03-08T00:00:00.000Z,10,91.00399932861328,54519,26.4,727,81.0,44,7535
2013-03-15T00:00:00.000Z,11,92.7,52512,26.3,387,83.5,45,7317
2013-03-22T00:00:00.000Z,12,93.04600067138672,51991,26.3,505,85.7,45,8158
2013-03-28T00:00:00.000Z,13,96.07749938964844,51592,26.1,595,86.3,45,7931
2013-04-05T00:00:00.000Z,14,95.07400054931641,50213,26.4,876,86.8,45,7720
2013-04-12T00:00:00.000Z,15,93.36000061035156,50569,26.3,606,86.3,45,7431
2013-04-19T00:00:00.000Z,16,88.0000015258789,48948,25.5,662,83.5,47,7564
2013-04-26T00:00:00.000Z,17,90.997998046875,48233,25.4,628,84.4,47,8166
2013-05-03T00:00:00.000Z,18,93.39999847412109,46492,25.3,780,87.0,47,7606
2013-05-10T00:00:00.000Z,19,95.84399871826172,47316,25.6,671,88.0,47,7623
2013-05-17T00:00:00.000Z,20,94.6479995727539,48187,26.0,1081,87.3,48,8130
2013-05-24T00:00:00.000Z,21,94.75600128173828,46532,25.4,712,86.4,48,7817
2013-05-31T00:00:00.000Z,22,93.31999969482422,48060,25.1,514,88.4,48,7268
2013-06-07T00:00:00.000Z,23,94.2500015258789,50721,25.2,692,87.5,48,7850
2013-06-14T00:00:00.000Z,24,96.35800170898438,50473,25.1,556,89.3,48,8436
2013-06-21T00:00:00.000Z,25,96.6519989013672,50484,25.6,937,90.2,50,8298
2013-06-28T00:00:00.000Z,26,95.83000030517579,49285,25.1,465,92.2,50,7407
2013-07-05T00:00:00.000Z,27,100.64999961853027,49473,24.3,493,92.4,50,7525
2013-07-12T00:00:00.000Z,28,104.70399932861328,50280,24.8,717,92.8,50,7705
2013-07-19T00:00:00.000Z,29,106.88199920654297,50355,24.5,322,92.3,52,8032
2013-07-26T00:00:00.000Z,30,105.8760009765625,51222,24.7,700,91.3,52,8168
2013-08-02T00:00:00.000Z,31,105.54400024414062,51949,24.8,635,90.9,52,7914
2013-08-09T00:00:00.000Z,32,105.16600036621094,49553,24.3,513,89.4,52,7917
2013-08-16T00:00:00.000Z,33,106.9740005493164,49474,23.8,373,91.0,55,7951
2013-08-23T00:00:00.000Z,34,105.4760009765625,50082,23.8,670,91.2,55,8374
2013-08-30T00:00:00.000Z,35,108.33000030517579,47996,23.7,430,91.7,55,8255
2013-09-06T00:00:00.000Z,36,108.77000045776367,48890,24.2,401,92.5,55,8017
2013-09-13T00:00:00.000Z,37,108.35600128173829,48341,24.2,492,92.5,55,7578
2013-09-20T00:00:00.000Z,38,106.21800079345704,47279,24.3,460,90.3,56,7925
2013-09-27T00:00:00.000Z,39,103.09600067138672,47733,25.1,559,89.0,56,8363
2013-10-04T00:00:00.000Z,40,103.14400024414063,48007,25.0,576,86.0,56,8043
2013-10-11T00:00:00.000Z,41,102.6979995727539,47525,24.6,584,86.2,56,8004
2013-10-18T00:00:00.000Z,42,101.50800018310547,47367,24.5,438,85.9,56,7656
2013-10-25T00:00:00.000Z,43,97.5720001220703,47635,23.9,537,87.3,56,7459
2013-11-01T00:00:00.000Z,44,96.93799896240235,38783,23.2,472,86.8,56,7224
2013-11-08T00:00:00.000Z,45,94.30599975585938,39326,23.1,446,88.7,56,7844
2013-11-15T00:00:00.000Z,46,93.94400177001953,39517,23.0,451,88.6,56,7863
2013-11-22T00:00:00.000Z,47,93.91999816894531,40704,23.3,710,89.4,57,7718
2013-11-29T00:00:00.000Z,48,92.96750259399414,39283,23.8,701,92.4,57,7809
2013-12-06T00:00:00.000Z,49,96.20600128173828,41581,25.0,671,92.6,57,6862
2013-12-13T00:00:00.000Z,50,97.22999877929688,41493,25.1,599,91.5,57,7732
2013-12-20T00:00:00.000Z,51,97.85399932861328,42195,24.8,486,92.7,58,7535
2013-12-27T00:00:00.000Z,52,99.15250205993652,40062,24.9,247,92.4,58,7495
2013-12-31T00:00:00.000Z,1,95.26000061035157,58636,27.6,447,89.1,43,8342
2014-01-10T00:00:00.000Z,2,92.41600036621094,41263,27.1,405,90.0,58,6889
2014-01-17T00:00:00.000Z,3,92.97599945068359,41072,28.3,528,86.5,58,7544
2014-01-24T00:00:00.000Z,4,96.18750190734863,41699,28.5,466,88.2,61,8048
2014-01-31T00:00:00.000Z,5,97.28999938964844,40394,28.4,620,86.1,61,6887
2014-02-07T00:00:00.000Z,6,97.78000030517578,40185,27.9,350,87.1,61,7929
2014-02-14T00:00:00.000Z,7,100.20799865722657,41427,28.0,410,86.8,61,7421
2014-02-21T00:00:00.000Z,8,102.93249893188477,38573,27.7,276,88.0,64,7037
2014-02-28T00:00:00.000Z,9,102.77199859619141,38976,27.5,330,87.4,64,7112
2014-03-07T00:00:00.000Z,10,103.0739990234375,37855,26.4,395,86.0,64,7311
2014-03-14T00:00:00.000Z,11,99.55400085449219,38958,25.8,421,85.6,64,7309
2014-03-21T00:00:00.000Z,12,99.77400054931641,35066,24.9,628,86.0,64,7617
2014-03-28T00:00:00.000Z,13,100.66000213623047,34171,24.5,533,87.7,67,6831
2014-04-04T00:00:00.000Z,14,100.46200103759766,33361,23.9,502,87.5,67,7312
2014-04-11T00:00:00.000Z,15,102.72000122070312,32345,23.8,532,88.8,67,8271
2014-04-17T00:00:00.000Z,16,103.94750022888184,32282,24.2,448,91.0,67,7796
2014-04-25T00:00:00.000Z,17,102.11199951171875,29208,24.4,651,91.0,71,7483
2014-05-02T00:00:00.000Z,18,100.50799865722657,28750,24.7,583,90.2,71,6885
2014-05-09T00:00:00.000Z,19,100.28999786376953,29242,24.3,877,88.8,71,7127
2014-05-16T00:00:00.000Z,20,101.91599884033204,29770,23.9,997,88.7,71,6469
2014-05-23T00:00:00.000Z,21,103.81999969482422,28741,23.3,725,89.9,74,7809
2014-05-30T00:00:00.000Z,22,103.95250129699707,29115,23.0,844,90.8,74,7123
2014-06-06T00:00:00.000Z,23,103.23399810791015,28105,23.6,560,87.9,74,7146
2014-06-13T00:00:00.000Z,24,105.96799774169922,29801,23.6,766,87.1,74,7234
2014-06-20T00:00:00.000Z,25,107.22799835205078,29046,24.0,507,88.5,273,7341
2014-06-27T00:00:00.000Z,26,106.69199981689454,28976,23.8,512,91.4,273,7265
2014-07-03T00:00:00.000Z,27,105.51749992370605,29850,23.7,609,91.6,273,7285
2014-07-11T00:00:00.000Z,28,103.25400085449219,28277,23.9,615,93.8,273,7427
2014-07-18T00:00:00.000Z,29,102.36799926757813,29674,24.2,625,93.8,273,7407
2014-07-25T00:00:00.000Z,30,104.34599914550782,28666,24.4,602,93.5,295,7744
2014-08-01T00:00:00.000Z,31,102.19400177001953,28152,23.6,435,92.4,295,7563
2014-08-08T00:00:00.000Z,32,97.49599914550781,29132,23.6,470,91.6,295,7846
2014-08-15T00:00:00.000Z,33,97.17200012207032,28475,23.7,741,93.4,295,7459
2014-08-22T00:00:00.000Z,34,94.9540008544922,29049,23.5,448,93.5,385,7633
2014-08-29T00:00:00.000Z,35,96.25800018310547,27479,23.2,801,93.3,385,7675
2014-09-05T00:00:00.000Z,36,94.0625,27476,23.6,324,93.9,385,7621
2014-09-12T00:00:00.000Z,37,92.43000030517578,28569,23.5,327,93.0,385,8114
2014-09-19T00:00:00.000Z,38,93.52000122070312,28753,23.6,510,93.4,385,6870
2014-09-26T00:00:00.000Z,39,93.15,28957,24.0,504,89.8,420,7284
2014-10-03T00:00:00.000Z,40,92.14500045776367,27502,24.1,417,89.3,420,7712
2014-10-10T00:00:00.000Z,41,87.6280014038086,26399,23.4,428,88.1,420,7740
2014-10-17T00:00:00.000Z,42,82.88000183105468,27184,23.2,438,86.7,420,7477
2014-10-24T00:00:00.000Z,43,82.1219985961914,26272,23.0,493,86.6,411,7101
2014-10-31T00:00:00.000Z,44,81.29199981689453,27169,22.5,531,88.4,411,6675
2014-11-07T00:00:00.000Z,45,78.24199981689453,26884,22.7,501,90.1,411,6877
2014-11-14T00:00:00.000Z,46,76.49600067138672,27673,22.6,426,91.2,411,7638
2014-11-21T00:00:00.000Z,47,75.37799987792968,28216,22.6,440,91.5,374,7473
2014-11-28T00:00:00.000Z,48,72.35499954223633,27252,22.6,724,93.4,374,7303
2014-12-05T00:00:00.000Z,49,67.1780014038086,29751,23.8,561,95.4,374,7668
2014-12-12T00:00:00.000Z,50,61.13600082397461,29443,24.3,773,93.5,374,7104
2014-12-19T00:00:00.000Z,51,55.89000015258789,29843,24.5,878,93.5,388,8292
2014-12-26T00:00:00.000Z,52,55.579999923706055,31538,24.7,843,94.4,388,7061
2014-12-31T00:00:00.000Z,1,69.97000045776367,42567,25.7,379,92.3,58,7961
2015-01-02T00:00:00.000Z,1,52.720001220703125,30536,25.4,760,93.9,388,6856
2015-01-09T00:00:00.000Z,2,48.7739990234375,30096,26.1,512,91.0,388,7492
2015-01-16T00:00:00.000Z,3,47.066000366210936,30471,26.7,683,85.5,388,7218
2015-01-23T00:00:00.000Z,4,46.457499504089355,28730,26.8,597,88.0,502,7422
2015-01-30T00:00:00.000Z,5,45.32600021362305,29828,27.4,672,89.9,502,7387
2015-02-06T00:00:00.000Z,6,50.57600021362305,29428,28.1,462,90.0,502,7286
2015-02-13T00:00:00.000Z,7,51.136000061035155,28781,28.1,635,88.7,502,7105
2015-02-20T00:00:00.000Z,8,51.69000053405762,29351,27.9,569,87.4,478,7279
2015-02-27T00:00:00.000Z,9,49.15600051879883,31072,27.7,640,86.6,478,7368
2015-03-06T00:00:00.000Z,10,50.38399963378906,30930,27.5,536,87.8,478,6793
2015-03-13T00:00:00.000Z,11,47.68600006103516,29693,26.7,664,88.1,478,7496
2015-03-20T00:00:00.000Z,12,44.39400024414063,28758,26.7,443,89.0,503,7392
2015-03-27T00:00:00.000Z,13,48.684000396728514,27242,25.6,709,89.4,503,7348
2015-04-02T00:00:00.000Z,14,48.90750026702881,27456,25.6,526,90.1,503,8217
2015-04-10T00:00:00.000Z,15,51.77800064086914,26137,25.6,545,92.3,503,7148
2015-04-17T00:00:00.000Z,16,54.779999542236325,26735,25.0,737,91.2,503,7765
2015-04-24T00:00:00.000Z,17,56.1379997253418,26813,25.5,763,91.3,467,7446
2015-05-01T00:00:00.000Z,18,57.975999450683595,25957,25.5,626,93.0,467,6541
2015-05-08T00:00:00.000Z,19,59.726000213623045,25727,25.1,776,91.2,467,6881
2015-05-15T00:00:00.000Z,20,60.013999938964844,24829,24.8,542,92.4,467,7199
2015-05-22T00:00:00.000Z,21,58.95199966430664,25088,23.9,775,93.6,441,6696
2015-05-29T00:00:00.000Z,22,58.18499946594238,25780,23.7,692,93.2,441,7373
2015-06-05T00:00:00.000Z,23,59.66399993896484,25918,23.1,666,94.6,441,6623
2015-06-12T00:00:00.000Z,24,60.072000885009764,26338,23.2,682,93.1,441,7067
2015-06-19T00:00:00.000Z,25,59.891999053955075,25880,23.4,896,94.0,571,6765
2015-06-26T00:00:00.000Z,26,60.01399917602539,25743,22.7,760,95.0,571,7513
2015-07-03T00:00:00.000Z,27,57.72399978637695,26111,22.9,852,94.7,571,7316
2015-07-10T00:00:00.000Z,28,52.38400039672852,25399,22.8,682,95.3,571,7354
2015-07-17T00:00:00.000Z,29,51.684000396728514,25670,22.5,815,95.5,571,7941
2015-07-24T00:00:00.000Z,30,49.2120002746582,25687,22.7,613,95.1,571,7545
2015-07-31T00:00:00.000Z,31,47.90999984741211,24899,22.7,822,96.1,576,7180
2015-08-07T00:00:00.000Z,32,44.9379997253418,24222,22.4,683,96.1,576,7573
2015-08-14T00:00:00.000Z,33,43.19800033569336,25072,22.2,869,95.1,576,8038
2015-08-21T00:00:00.000Z,34,41.342000579833986,26475,22.4,630,94.5,477,7199
2015-08-28T00:00:00.000Z,35,40.7260009765625,26339,22.5,835,92.8,477,7855
